113 7024 8879 475 9015 2821 426 1259 9947 3391 8539 1701 3727 9936 6569 7418 261 1606 4202 7678 3714 4266 7661 7291 4307 8370 499 2014 821 1644 3200 3096 5227 83 7478 5638 3835 9253 9321 9859 9610 7397 4408 5320 245 6455 2447 3637 321 6361 4926 1537 3253 771 9815 9745 7141 1163 3104 9181 5579 296 5762 1404 7131 4933 9759 4368 8189 186 4574 9586 1941 7155 4767 6806 9455 356 8531 3689 9838 4976 1866 1568 561 7940 334 2352 6739 3254 5478 550 1053 460 8602 8339 6782 4902 4061 7515 8264 1018 3107 2674 3145 3970 6690 4899 2607 3002 4597 4002 4093 4128
107 699 2328 181 1822 851 5419 1335 1043 3959 9381 87 9076 2826 6271 5388 5438 940 6309 8693 8190 9796 155 8331 2421 1770 2703 684 8180 2359 8051 4254 2444 3726 9389 9403 608 1917 9588 3595 7839 2249 6772 526 6704 8085 946 1026 5598 6334 2673 2192 6437 1925 1140 6263 9431 2972 4676 3007 5787 6692 2839 1889 1744 9043 8965 3614 1009 67 3345 5260 47 5630 4686 3703 5245 2659 9279 2982 5456 819 3108 1527 4658 7047 9518 790 5925 6161 2541 9358 1389 5218 3624 6959 2075 3059 8424 4565 601 295 3991 7689 1396 5809 2193 3728
118 574 1643 4746 5238 262 8218 338 6204 9351 4085 3062 2360 5395 2432 270 6952 4342 7598 5896 8903 1022 6067 600 238 3936 4659 2811 1035 5492 1441 4838 2580 4812 1869 5123 2305 7742 6576 1061 1238 3424 1195 84 2472 3526 9509 1924 448 8082 2037 6077 3789 4939 958 6756 7682 950 8734 6916 7512 7601 9568 6979 3894 7877 5991 7759 9059 746 8411 7380 6173 6456 7843 2553 2171 7551 5358 3130 4687 7182 9189 5572 2740 8182 8231 2438 467 3778 4270 2085 4112 6669 9927 8340 1966 6974 9301 6182 5393 8891 4803 4097 7238 2574 1538 2932 9489 1057 3265 2264 5641 1964 9739 1614 6734 6744 6339
104 6373 3895 384 1299 209 5289 2714 1461 7715 3276 317 2955 194 2926 3584 7054 4987 1846 3572 9165 116 7093 1569 5470 3742 8958 7728 933 6142 7819 5930 8866 4568 5589 9621 2864 7240 8563 4581 5319 3617 6354 7108 1566 8632 93 9225 6476 2077 2539 2584 7780 9673 6873 8683 469 4579 2440 7584 1253 7107 3179 6208 5580 5783 806 6760 6387 3854 1996 3551 5310 3461 3530 5181 359 3508 6928 2919 4466 6033 486 9370 5840 3681 9002 6929 1995 17 2647 8905 3812 4854 1226 1499 9547 747 2261 212 3339 8657 7856 2629 3779
125 3545 7401 9559 1981 9754 7139 489 3826 8797 2050 4113 123 6694 4302 1322 2005 6029 3705 2400 6932 65 3456 8005 538 6347 1735 9236 7075 7880 1536 8742 303 816 9992 6146 9327 4325 3347 7258 9128 6544 2007 4129 6060 8486 4049 1237 7746 3954 2909 3734 4195 2782 1409 6793 2537 3825 8378 516 5185 8049 289 8377 7316 4040 6803 1531 5698 5530 3405 4607 9383 6642 2054 2219 2401 2179 4823 2883 5778 6648 1663 7970 4683 8944 2993 2804 2434 2476 5420 7814 5073 5759 8222 2151 1463 8948 4350 9437 6619 7549 6903 1791 3679 8951 7516 5882 1894 1823 2341 1168 445 2218 1923 4310 5574 7414 5729 4326 1124 9030 7147 5533 1944 7153
118 5037 3884 8598 6881 9045 4614 8546 1632 3977 8062 7594 462 7848 8142 8920 479 6653 937 5665 1252 2949 7936 5380 5534 9302 3781 7808 777 9678 4947 5004 6596 3075 4308 3307 3331 5963 8787 1207 5737 364 4328 9208 1597 3666 9010 5682 2626 8898 40 520 6848 3594 5421 2747 6123 165 6264 1610 4842 3662 9424 5807 5678 7967 9585 5806 9345 9611 7171 1919 9272 7570 97 7127 3612 6777 2180 8870 9119 2814 966 2448 4341 9718 7851 9600 6540 7803 2022 3422 1375 2733 1494 1530 4555 6044 5700 7932 3300 5814 6673 5997 8913 7907 1892 5746 8737 8982 9288 4588 7145 1266 3720 9164 6137 3931 735
115 4131 6810 7547 2891 6981 6262 1882 4345 8517 5311 9453 5178 8052 2896 3952 8209 5065 2279 2841 8527 9917 5658 1775 1290 190 2870 1732 515 5090 7976 9952 5069 2175 8013 7314 5857 4390 8899 6484 6277 9670 9686 2522 5452 9333 4964 1363 6682 3137 6185 1400 7985 6343 5315 4591 5958 1465 9265 8354 4410 552 9977 2695 2105 594 7959 8881 1069 4936 6398 1379 2369 3673 6620 6953 2486 6205 8717 1359 4914 5031 6850 6063 2020 335 4777 7371 8833 3275 8521 7471 9966 6832 7526 8252 276 6313 9184 7980 4559 4429 7224 112 3270 3172 1392 588 9886 7931 5645 7662 2 8408 4057 8492
114 8727 814 2685 4722 5862 4203 3547 7167 7696 9522 6086 1680 244 9878 6977 3222 8089 9779 6056 5002 2165 855 5331 4440 7850 6403 5841 1658 6860 9857 1589 2067 2451 2514 1106 1123 3910 9853 9018 9793 8651 1287 5389 9292 4145 7963 22 501 6802 5253 6357 1319 5780 6917 9311 300 7200 3416 9566 4642 7022 3400 2772 1587 157 3238 4526 686 7250 2273 8780 8875 5097 3078 7484 5236 3073 9093 9804 3036 7288 5569 6599 3935 5169 7364 2301 4901 8776 6571 7121 367 8494 592 1978 565 5763 5144 5583 6344 6597 7747 9663 9194 2333 7737 5937 4438 5176 201 740 4859 4028 1946
121 2355 1755 1159 3821 204 3759 4861 4833 7722 8565 2727 5731 2093 5244 3428 9528 3635 6224 4096 4484 9539 3623 4486 5464 9182 7681 7293 6106 4584 9368 6304 53 6485 5291 951 8253 6978 7460 9714 9175 1591 8900 8330 3509 927 4520 3774 6556 3777 5267 7504 6266 5914 7986 3471 6956 6491 4012 2684 3203 7477 1327 2404 101 5977 3220 4416 5560 4769 1446 8769 4261 8299 6298 7763 7001 3988 1933 4206 1802 4993 4913 9174 5007 6900 3374 736 6307 1385 3133 5035 4051 7576 5969 2789 3296 6513 2945 7774 9258 9563 3901 7300 1328 2894 9439 8960 6725 2086 5656 4651 7760 7882 266 8623 9104 5892 7459 3294 1617 1333
113 7787 1890 9116 9427 3859 1690 6570 6251 1936 6256 9069 4499 8341 3010 5098 6778 5905 4190 8930 6632 7755 1153 495 7450 52 2320 9085 3762 99 9229 7905 5387 3784 8865 2252 6230 4973 4916 503 3653 412 1443 5581 6494 7926 7825 442 3763 7465 9733 8228 1590 1075 1273 5143 2160 3850 29 8000 5446 8059 7348 7536 349 7611 2542 2292 1488 6350 1249 787 6124 9022 9034 2995 6055 5790 920 8977 7411 5028 7049 5290 6558 470 1457 3201 9396 2254 899 7649 781 4107 2276 4829 5312 5883 2688 4163 5107 4813 2059 3985 4645 3024 4660 3404 309 9699 737 2468 3588 6650
122 9213 1221 2344 6102 3555 3016 9390 269 3249 4785 1904 8160 7999 4079 7714 2506 2372 6715 1356 5760 9905 8345 3771 5391 6258 5860 2239 7964 8997 3072 4177 3441 1576 5614 2677 5671 7475 2491 4629 2110 6253 5279 4161 961 8401 9246 1954 4009 2449 5047 4580 7399 1296 9498 5938 4358 4215 7175 7479 8624 8466 9339 5294 7239 1437 8645 193 2927 9580 846 5268 3558 9798 5140 7432 2696 4991 4020 2881 7688 9280 5722 3592 7748 837 6093 2665 9266 5326 3852 6410 623 1833 3670 2391 9737 2454 5917 3453 8235 292 5324 1079 2066 3132 7951 862 722 7357 1197 9935 5322 457 2364 9465 4949 7509 8804 6122 6031 2277 3832
113 7706 5738 4583 559 2892 7333 1784 3095 860 923 7476 9889 58 1421 7562 3211 9852 7255 8585 9879 3297 2964 7903 3281 9768 9636 478 2410 7732 5401 2196 4649 2501 2283 6987 4385 6892 6454 241 2768 572 1020 3697 8639 5266 351 1471 6970 3507 8748 1604 9659 5706 666 2705 7212 4560 438 4198 118 3139 2128 3141 4383 9070 6265 774 9923 8572 5541 2331 8427 6601 7625 1120 9831 6345 9650 5815 4732 5837 1865 7969 9713 7065 8581 9931 5030 7386 7467 1561 2805 6886 2730 205 6584 8259 6342 7260 3295 5269 560 824 8582 1713 5110 6790 980 6287 1493 7834 446 1038
110 5439 7472 971 9176 6662 9907 9877 9426 8001 6188 2998 57 8200 8962 1897 3533 6775 91 7644 2203 3098 4692 4994 9865 7417 7958 7930 2591 381 9527 4268 6229 7876 3811 658 3540 2675 9319 3134 3231 982 7862 5733 616 3418 9996 5798 945 4098 848 3256 1306 6924 7971 9632 1850 8207 2411 7181 6073 8770 9684 7731 9491 3390 949 5184 5795 7934 9480 6909 7264 124 8953 3879 9399 2414 1914 2832 5235 2743 8011 6045 1002 9866 3848 3917 2593 6199 9195 924 6367 1598 2467 2872 9703 1077 4808 4708 537 7185 2461 9312 8537 8079 5584 7099 9004 8241 6999
124 7329 4327 8083 7009 4223 1119 7596 8149 4444 2524 4633 8205 885 9707 1315 3521 792 1700 5168 4989 817 4612 7029 7660 8245 7653 8009 8702 6130 3608 9885 683 9595 2343 9296 9212 2738 8725 2977 964 5025 255 7664 6037 2006 5171 6965 4864 7282 1603 1741 8600 1520 549 9909 3195 7336 7179 120 4978 2930 9346 6460 8120 8383 3340 61 7257 1395 1236 6747 8473 707 1588 3668 4493 3855 8961 1338 2206 6967 628 8593 2623 8538 3863 3607 7429 425 7650 2422 5242 9976 3161 8498 4576 1913 2044 8313 9612 4801 7581 7527 9735 8254 2788 9771 6592 1660 8880 2118 9695 3506 6700 1653 3301 2713 3531 2810 3636 5755 854 4332 2815
121 9035 6996 3321 1716 1071 1492 764 418 9706 7321 9784 2947 3640 8107 1268 5596 2181 4728 3823 3514 4134 3938 6147 8631 6574 265 5487 5075 5902 830 9928 7866 251 8423 6988 6794 6431 8709 660 8018 7643 8800 5518 7849 3157 1979 7778 8111 5309 4650 1622 6332 782 908 6193 7679 1558 4290 1174 1497 2589 6522 1810 3930 4125 3348 1788 985 1710 5972 8896 4810 3392 4234 4623 2169 9006 4105 4798 8066 8504 3198 5180 9001 2336 8234 779 4487 8022 3409 8038 2043 2956 1922 6278 6745 4117 9257 3014 9919 4401 5563 2534 1483 3587 5592 7410 8294 172 139 6752 7231 2221 3963 7405 7019 6296 2719 7383 248 2465
112 1523 9775 8246 4566 103 1905 8508 4432 2793 3227 8502 9355 9811 4111 7646 2322 2678 214 8766 5945 6300 3565 435 7016 2984 2046 9397 207 4889 7745 6746 4851 8916 3440 9698 1402 8262 8868 6360 9660 5048 9755 2078 9942 834 2349 1198 1412 2094 6112 1592 1782 4459 4886 2954 522 3160 3736 7830 7440 3028 9484 8146 9577 869 2777 5625 1407 7391 8729 7306 3767 2619 9044 7865 7837 717 4702 4417 8326 1111 5151 1645 21 5721 4119 5496 3147 2035 1390 6268 7137 3434 6685 6518 9215 6768 2874 1958 4717 6200 6270 8388 8450 8843 9545 2197 4795 6551 4707 3560 2314
118 4217 357 3437 2774 5054 3349 9499 5052 9669 4858 5153 4256 4176 6088 6663 9118 5622 5603 911 18 1556 880 8560 3420 4999 7569 2270 8667 7322 1307 6774 3882 5443 8145 1191 9667 2760 7191 8587 3406 2994 8578 8386 6809 2888 1308 6097 8410 564 3199 657 6136 1832 3373 236 3032 9466 9364 8577 4343 1908 709 8358 9662 344 477 3898 8612 2388 2096 5863 5053 2664 386 1209 5354 1754 7242 6195 9115 1419 2540 7886 9380 95 558 1937 3783 8509 1668 7638 7292 2278 3792 1161 6098 9413 930 9490 9692 5357 1066 6317 2884 1234 9653 3649 7492 2392 9317 4521 7557 9270 3562 6709 3971 5040 2662
115 1546 6326 2173 2711 9954 2911 4786 4921 7189 2119 9150 2581 3638 5149 8724 7711 6008 324 6353 8057 1116 4628 2340 5050 6868 9142 6973 297 4212 3489 2185 4698 2529 8990 6795 5360 6508 6735 5089 4688 1058 6736 4697 2654 7634 793 6194 5959 8554 7084 525 7506 2669 713 9188 8357 6550 1594 439 6696 948 88 1855 2456 3857 4792 3364 8691 8733 2397 9587 4186 5162 372 7330 2643 240 3129 7558 7351 2656 2237 362 3893 1185 1939 2834 6829 4511 8777 4122 997 6893 2026 3216 3120 9605 2845 7342 1792 0 7169 7723 4072 4333 6915 3987 3561 1282 7194 4364 7514 4448 9005 1859
125 640 268 4951 7337 4300 8043 3652 7466 433 2582 5789 7496 7510 3933 9790 4758 3289 8979 9888 3013 135 6510 3947 6257 3706 7507 8250 6689 5477 3452 3325 1891 5077 2376 4249 1230 2127 1139 1188 7868 7572 3575 3707 1730 1313 9702 5845 9708 8123 3269 7012 1099 1036 7343 976 8280 5134 9834 568 3035 7115 1329 5064 2698 8791 883 2090 8660 5816 79 2188 9701 2065 9930 3995 1284 8399 5843 264 3335 5133 1757 5510 9965 5468 5298 827 5996 7614 2620 8170 6324 7103 9841 1808 8271 2380 2055 9019 7180 7943 476 1039 8016 9103 3628 9482 4675 650 4313 2560 8934 6016 7366 4788 514 2983 1403 7990 13 5038 1063 941 1769 4507
114 336 6615 3378 8512 6547 3747 2551 4024 6546 3362 9386 7345 987 8887 9601 1518 9330 8435 215 234 6763 5195 5707 9137 9064 1667 1428 4027 8682 4340 6524 4853 9774 4478 6052 826 3751 1172 1042 3804 6104 281 9199 9148 9781 9177 5709 8643 9750 9959 3293 1506 663 9700 912 3063 3868 3919 635 8257 3058 8884 8811 5607 6870 4274 7085 1984 6172 1844 1843 5908 863 5728 7396 9483 8782 7187 4164 1179 3112 8842 4655 7070 5488 5210 8758 9404 7243 2903 1255 4196 7338 6138 1652 1107 1235 5296 4123 9218 5288 6652 8995 5631 2965 5717 1254 141 9447 3135 504 9471 5777 3127
115 2036 6626 2101 8167 9388 9511 5601 6851 9479 1344 6878 216 6706 3223 5112 9960 1615 1761 6409 576 811 55 369 1806 2480 8404 3807 5226 1165 1611 9375 8697 1969 8131 1005 4695 7089 3691 7112 3989 5961 5297 9378 4510 547 9261 3165 2103 5017 5164 7360 8023 3003 6222 8303 8728 8603 978 5749 8859 3606 9903 5293 6509 7052 2578 6010 7702 25 3924 7474 6716 8337 8762 7451 4524 6637 7184 4031 5333 8010 575 1785 490 2017 1088 4231 2625 1839 274 6938 8055 2646 7441 5154 1621 6921 2672 2712 9723 7753 6105 6197 2154 1759 428 6479 5597 5106 8430 4197 1413 9122 71 189
123 4525 629 2379 6589 42 8465 6365 7083 9555 6842 9782 1580 2567 5022 7286 3639 744 3769 5916 4008 6575 9342 1842 3182 5832 8763 3892 573 6301 6157 1469 1728 5495 2106 8163 1940 6818 3546 1748 5305 2592 6789 1548 5820 3753 482 8923 6372 5608 8144 3360 1721 140 2474 3366 102 9452 3346 7708 4411 8108 7327 8376 6416 2220 9672 5093 3479 4353 9305 7519 1218 8942 192 4556 2159 6414 8616 3144 7528 3756 9133 177 6572 5173 8159 8597 8048 1600 2779 5986 3283 4779 8505 8852 3189 3973 9863 8476 6150 2300 6275 3776 3477 8830 8637 5921 1433 8152 8901 2428 1126 333 8490 1920 7018 9671 633 2453 1726 2958 9560 8872
116 4479 9041 3889 9143 2785 4355 8426 9458 989 4648 7997 1957 3193 1046 7545 3512 5735 3261 5448 6231 8091 7339 2601 8214 4475 8272 2800 1932 8983 8096 9604 9144 9807 6032 4562 562 5555 622 2867 5568 716 3760 5039 9998 8661 5282 2860 474 4537 9217 9736 7262 1477 502 5946 7884 2306 7118 2950 4184 524 3258 2505 9828 24 5114 567 348 4284 8480 9544 2869 2825 2906 2111 5295 401 6651 4035 9704 7541 233 113 8925 7334 6666 7944 8095 1780 1705 9353 6411 259 3155 2756 5362 472 1225 7350 392 4430 8409 2176 3739 4548 1112 9647 3945 1878 3273 7900 4571 4710 3309 6120 3976
113 6796 4958 8759 4696 8365 7978 4965 4033 9354 3618 4558 2058 132 2679 5225 4189 3532 8561 1277 694 849 4415 5723 905 1490 8720 4116 6984 6594 9780 5618 3786 6505 5212 5051 2701 4445 9155 1565 2538 6678 3460 9824 1734 163 9840 6100 1399 6542 6196 2251 6325 4636 7956 7443 8674 6858 9400 9156 1242 9715 9619 6389 6776 9412 9040 2198 1819 1749 4615 5543 1031 1093 7893 7261 8116 1349 3288 9525 6457 7973 7954 9970 8615 8106 5361 9214 6121 417 9850 3554 8078 5111 2975 2530 4271 8470 9562 6452 4464 2959 7109 1415 7110 8590 4573 1758 2579 7815 4606 584 7382 9147
115 4609 4928 1799 6291 9097 8151 5516 3217 9778 8847 687 8319 6191 9106 5907 6719 4872 8564 758 8104 2755 9269 3248 4832 4582 6568 2427 5197 3271 7254 455 1408 5928 1462 603 9916 836 5191 7402 7994 2858 3749 1208 9968 5758 6766 7929 463 2462 2436 5021 6059 3518 1541 353 3064 180 4349 2746 1341 2138 4114 5382 5453 3782 7013 3388 1258 4369 9990 4070 8541 4877 9622 6293 6143 9 6458 6849 2641 8301 3015 7947 1360 3710 5323 7094 6279 8796 6603 1988 3119 8922 3817 8321 9635 1550 1709 952 487 9553 3641 2990 1718 679 9267 534 3162 3164 4283 9183 7633 5374 2748 8652
113 3503 1900 590 8574 5422 8327 5713 2232 4957 4360 167 8566 7917 1482 5910 3116 9377 154 3394 5467 6600 4518 8806 2515 1898 8403 4900 7782 5437 3920 3610 2070 258 7365 3039 5121 2508 2375 3949 3899 9000 6705 2353 9014 9969 8662 5664 4305 1204 8726 760 1050 195 1698 6070 8740 8325 9051 668 8113 7524 9228 3629 6656 1692 6202 8335 4745 9948 7811 5095 1805 2498 4500 5202 8273 7395 4138 4442 6844 7173 1411 9201 6536 174 8610 9180 831 3412 3068 3197 4860 9637 1157 4253 3851 5124 8379 7604 6548 6423 3743 5915 121 8792 6021 8864 4136 5328 2295 8375 4225 9975
117 6579 8453 9235 3687 3474 2313 2186 3765 3713 8627 8933 7568 8361 3128 9654 3862 2298 9531 9245 1516 5889 7248 2606 7372 471 8698 7939 582 4296 5408 807 2516 3887 6459 2013 3057 5259 5041 168 8244 6198 8323 1884 1324 9373 3451 9644 3408 7829 6115 2443 8656 104 8179 6737 5847 651 7130 7369 2831 2057 7346 9393 395 1513 3287 2846 3462 2040 2726 5637 397 1764 9406 8390 9065 1405 5116 9829 731 279 2366 257 1609 5313 7160 2723 8007 4375 517 6517 6935 1305 3213 3226 3878 9314 2722 5270 9762 3979 6349 4213 8828 3700 7805 7729 337 6876 1262 1985 2680 3251 1291 6439 2445 9558
121 4513 1365 1098 7597 5480 8820 8293 6557 2707 654 8436 1370 513 9350 2940 9075 4709 5481 5061 5913 424 8669 2258 7637 3912 4311 1229 8132 9401 2588 2865 6092 2946 8076 9295 5696 1468 6567 4569 294 3252 414 6168 6828 3527 466 3239 688 375 9687 3246 4843 5582 5174 6814 2835 9972 339 2763 5338 8056 6841 7950 6465 6625 4553 4797 7518 5336 1856 1376 2644 5577 7307 6639 8874 8462 5131 1143 8974 5836 689 7738 3206 7537 7190 8583 2002 8873 619 645 2899 6058 2039 3907 6026 3975 6116 1178 2910 5521 7826 7004 4644 960 2222 4001 6487 983 4887 9536 5449 8047 2145 6488 2082 4762 4293 8712 2962 3084
127 8100 8060 3305 5118 2736 892 7003 125 7497 5273 6990 20 9243 9849 1257 8154 9576 4480 1049 6899 8481 5791 8256 1245 910 5888 9938 6076 2642 2781 4497 1845 7490 9206 5627 6107 1484 6135 2272 2019 9734 8081 4563 8287 9895 7618 447 8195 4110 4595 1210 6007 5918 4608 1579 9203 5386 2097 9963 3864 2324 2377 263 8535 4875 9136 8516 8648 3620 306 1007 4468 2338 3794 4848 3236 4379 1675 1485 7308 9683 9839 2780 9641 1902 6792 2735 2792 1117 7028 1008 1955 7521 8821 9767 473 8686 8788 5818 3682 8422 8472 1585 2260 1271 277 1511 4275 7438 1386 8406 3401 9694 8781 100 4046 9776 4856 143 3154 7697 4143 2536 6869 8719 2621 183
116 3243 7920 3192 1378 6905 7428 4820 5754 86 7253 2783 2767 4610 6780 1789 6383 5256 8532 9777 4036 2396 8993 406 1947 3215 8867 2489 2754 994 3571 2527 4834 6303 8956 7457 7310 9769 171 508 4192 996 5685 3764 6534 4227 6009 4970 161 142 7056 8589 4531 3724 60 6549 1774 528 1605 7221 3665 9602 9326 3902 8976 7462 7799 900 5868 3008 8353 7713 3396 7817 3171 4389 6012 1783 9365 9187 284 9197 7425 3037 9476 3018 9731 6552 6566 1024 2402 1137 9121 9316 5695 8223 7996 6836 8765 2079 5083 9077 1727 921 8989 7523 5427 4481 9336 9993 4587 2350 9756 3291 993 2729 5503
115 7766 4715 2431 1634 9418 2112 6103 3205 388 5109 1068 9584 712 3661 2868 7060 3621 8446 4000 6640 2001 2749 8372 8999 8058 9224 4121 1687 6113 4344 9961 7102 2256 3675 3600 4673 1930 6154 8756 5813 8851 3447 2382 1416 6233 8635 4043 847 6281 2600 9520 9328 7587 8236 9415 6721 4446 3642 7332 8158 4641 273 6958 6299 1267 1547 9898 4194 710 2132 745 3317 1435 6145 1654 889 7406 23 6936 1286 9676 7202 6117 2585 2483 6658 9234 5265 3806 1876 1192 1973 5764 6762 5014 4907 3972 7389 3384 706 3715 191 1853 2446 6030 9303 3163 8882 4404 1945 1993 2547 936 9198 7948
116 320 1586 1194 541 4108 9325 1014 3071 2223 7840 7034 7204 5136 1440 4849 638 2178 6761 4546 7090 9543 6175 4460 5770 1624 6183 3528 1212 9590 106 1321 9061 756 4911 6838 3267 8664 3326 2856 2463 5657 4923 3483 9814 4083 8945 3983 3202 8014 7126 2889 9080 8121 5429 9943 3436 246 307 89 1010 9428 5129 3381 9054 7299 9742 9883 8695 909 9826 5994 6392 6830 4515 6846 9891 6500 6260 8533 3674 3844 4050 3151 8778 4734 7353 2724 7693 6799 4670 3613 3484 1729 4062 1105 1574 1879 554 43 9318 7301 9120 1787 5673 6502 7672 5939 3834 4021 6221 1517 8558 2573 6659 199 4766
118 5649 26 3955 2087 9574 8861 5539 3410 4065 882 2212 2167 4773 2963 5804 8644 6004 2120 4392 5375 9289 9173 9955 1742 8829 8381 8457 2297 631 1300 5535 9747 4399 9349 9711 3993 6118 358 5490 5262 109 2129 5856 1167 5398 859 2848 2974 2752 9789 3421 2604 3442 3115 7247 7216 6779 3800 2773 3966 6865 1460 1549 7197 9904 6399 697 1571 1368 5003 247 110 3986 7095 4485 8703 5699 2426 8316 7960 2168 7168 1280 6390 6338 4337 8134 4706 2808 5332 3092 9262 2229 2510 705 3358 6247 9608 9460 9657 7695 8157 108 3998 2905 922 4457 9463 3695 1348 4078 7101 4241 8202 4742 7309 41 903
119 2533 6813 3654 9908 2622 6435 2731 1625 6525 1092 7869 2304 2214 8441 701 6364 2796 9146 7789 8692 9666 8837 5886 2287 6492 7736 7721 7864 866 7235 1102 4950 9530 7104 8894 9860 8431 2131 3866 1227 6379 3033 8037 6857 8233 732 4847 4664 2770 8447 1965 496 4986 2108 6114 6082 7522 9837 73 7014 8524 4619 153 4751 621 9264 1292 8110 5747 3671 8251 9084 6817 1555 5201 5187 1169 133 5409 1581 8025 2519 6419 5642 160 2859 4032 46 1012 2135 8141 6227 2907 2706 3341 3280 379 7580 1109 4705 4522 8809 4761 7779 3805 2049 6377 1972 8479 1064 3077 3615 6046 8906 7203 9816 2226 2691 2667
107 1860 4726 7174 275 8941 8685 3029 7276 9185 5034 394 5652 9534 8747 9512 7656 6845 2290 5897 4679 6827 6582 7859 5773 6144 7899 9716 9072 413 8503 5232 7426 8706 3284 5418 1629 9599 1487 3455 2348 8972 9371 1246 7854 5359 8088 3298 870 9813 4753 6541 4805 7186 4996 7641 131 5792 3466 2288 6064 8042 5426 6633 9914 6521 6340 4943 9749 5692 1371 5445 7002 7754 9705 2403 8243 6259 8968 9473 5666 8162 1114 9369 2509 6773 9419 8277 3093 9786 7140 934 5204 8065 9721 3847 1054 8557 4472 4247 8670 685 805 2575 3415 5033 7026 3896
118 9299 3716 2915 2828 1773 959 5157 7501 6925 9740 421 6605 4175 1060 9537 9851 9575 9823 1952 1961 2184 6495 2521 9962 3965 6128 8090 3487 6081 6038 1358 8511 8249 9981 540 3943 9347 5344 8888 128 6165 8201 2060 6089 3367 3009 5217 9372 7577 784 7470 5145 4406 7673 9799 2310 8550 3723 2326 1147 3922 5141 4564 2148 8786 8346 743 3430 8336 4799 6757 2634 7906 4422 1982 5726 7038 8886 4303 2031 2882 6707 7987 2161 1383 5278 6641 3816 8030 7578 2439 2201 1351 8122 6871 8684 4538 4657 5400 1173 9561 342 7356 7771 1110 7296 1998 4533 4737 6254 5209 1449 6821 5246 9613 9179 8352 7005
111 9953 166 1711 3568 493 7941 7331 3282 7904 8592 4924 3023 7223 5626 8646 9029 8105 5776 3286 242 2658 9037 791 4124 3067 6169 3449 7266 1743 4127 8304 1747 3712 1681 3928 5482 649 9552 4236 4638 3263 6002 1100 1818 9293 2512 5901 1669 182 8068 1801 7620 6661 3025 3117 6834 3475 8964 6701 2670 3853 9875 5775 5858 5115 1951 7063 3493 6072 1430 7579 7206 427 8831 995 2390 223 2824 9117 196 6290 9752 5423 5379 1450 5796 7290 1704 6503 8185 9835 3050 3849 5491 2469 6289 696 9468 4042 2121 1768 1274 7427 1366 3232 8393 5457 4613 7280 5985 2398
112 370 955 3051 583 8528 557 1164 230 1881 8567 9844 9275 4178 7062 1048 8636 2710 78 9504 9492 9047 4703 2052 1848 6855 2259 3237 5414 6683 2248 7875 9556 4639 7030 7176 7734 3476 3890 6764 7701 3344 9578 7807 5734 1760 7975 8909 9256 2047 3432 6781 6436 4006 9896 759 3579 9031 5924 6496 1502 3244 9334 3725 3353 6787 4625 6211 4167 7674 2210 8139 8286 7453 4883 1943 8221 6015 9012 4661 9451 8980 969 521 6992 7881 4995 556 7416 1545 3048 2921 7100 1702 702 4772 6590 4370 6612 2271 6051 2010 614 5739 8869 7538 8808 6908 4347 7833 7785 5613 7550
115 1384 4132 1175 5135 6727 4059 7244 3556 4220 4433 3176 4646 226 4611 3090 8334 5936 4541 2117 5893 2850 3690 9516 7064 5013 5952 2507 4103 1999 7433 402 2973 7068 7891 9324 5250 6381 9946 6160 1661 586 8368 6090 1500 8895 8822 5119 468 4088 2741 1125 6043 3696 7647 752 8607 9392 96 3131 1642 7665 1820 4857 5527 3214 2362 2116 2200 1697 1016 1180 2000 571 327 8198 2914 2011 2191 6404 6192 1648 5384 8856 7388 7302 8663 7086 7081 5973 1393 9098 7636 1250 1162 3787 1 2319 2130 2406 1618 6232 6380 9617 9524 8576 8640 509 3109 4963 545 2920 5852 9434 6906 8849
118 4733 4494 8629 533 7183 1613 6889 98 2797 3699 6627 5551 62 2457 1756 7252 9222 9306 2332 1719 1887 1948 2315 8853 1501 5071 1293 1425 3402 6758 3964 9313 4545 6718 5827 6729 3433 1841 3828 2107 7627 9454 7863 2943 8984 7138 9405 6516 6013 9207 6863 6591 7652 7896 8491 2030 8876 173 5536 8850 9609 6335 1674 4744 3159 134 9717 3581 5944 4689 7073 1302 5263 2417 8035 2933 9026 3819 5838 808 3113 5241 114 1553 1888 563 832 822 9881 5772 1260 1720 4373 5508 3845 2671 380 5923 6559 5444 6894 3932 1382 8848 5392 9096 1134 7921 9286 3500 7259 7378 761 4281 8745 7802 3586 728
111 3102 6448 8973 4014 7050 802 5712 6562 3904 3086 5447 6057 361 3632 6155 5383 1041 1304 3304 9766 176 8174 727 4627 4273 3869 1455 3038 1289 4286 7146 6608 4871 9007 3861 5070 9867 639 4171 6040 7303 9298 4830 3631 3578 9071 3822 6482 1065 4840 9967 7733 5139 5853 3212 835 7328 1224 4064 6622 1960 1181 5810 1283 4980 7319 4418 3395 6022 8380 8773 4534 4817 4272 872 1752 4381 6151 6730 8700 383 9240 4643 4180 8417 8839 1232 1239 6922 681 4781 4395 3968 6394 7032 3123 8501 7857 6816 1115 8543 9020 1673 7132 2029 5719 2862 4045 2715 1086 8392
119 7481 1085 4948 7044 9987 5650 5088 7445 3525 9167 4922 1934 3718 673 7120 126 1445 4841 4306 3909 1170 1967 5694 4425 7241 5066 4743 2282 7743 970 9108 7658 9825 2929 5148 2649 8638 4335 1451 6470 1798 8708 2525 5825 8260 5108 8063 1103 5680 7741 5674 4647 8552 7287 7740 5239 1205 6023 3597 7105 1200 2098 7925 1724 2351 1263 641 1480 70 4435 8434 9497 7797 6442 4488 1256 4775 9152 8634 5304 9691 9430 4262 3567 1570 6698 2939 873 5020 5752 708 1314 6139 3929 6434 9042 4929 4323 2032 4250 868 6108 3677 3858 9620 6947 4839 3355 6444 5683 9127 7123 580 3939 378 3843 711 695 1928
110 2922 3485 5122 7804 6753 2890 6094 9523 6960 6375 9448 3692 8626 6385 652 5462 5277 6331 2194 6408 149 6911 1738 5834 7015 4428 4876 2966 606 8395 1893 1797 2924 3513 8347 8774 4498 8715 8832 7543 2470 6994 7979 221 7750 7640 7413 6742 3813 9594 1827 8400 2133 4760 2253 6665 8522 6286 6241 3351 7887 3908 5300 6515 6985 1875 3721 4517 9971 7236 2142 7161 5957 5343 3950 7901 2233 4106 2550 5407 2689 8665 9925 8437 4752 2281 3732 2415 4972 7629 6269 3529 4918 6907 373 4998 769 9211 1496 1434 1767 1279 1836 7890 4316 7726 7517 5057 5970 7602
106 2636 8460 291 8474 8219 2833 4600 3468 4672 1691 314 1474 1794 5469 7265 6369 318 7836 553 130 8860 5757 2886 3124 4087 7074 6302 9402 4598 5879 4218 6901 7824 9487 4455 2150 3583 1101 4431 7879 8497 5367 4476 1459 5898 8196 9939 965 2941 2033 6808 5830 618 4491 8611 4626 1830 4492 3903 90 3830 1003 6655 6643 2357 136 4725 3516 2072 4712 175 6877 7988 2648 5220 4535 8282 6250 3435 8413 5578 986 8858 5593 7539 5880 8622 9271 8281 2925 6657 8801 5223 5586 2245 9099 8003 4232 6628 8398 2266 3080 2123 5828 4917 8031
118 7035 5284 7606 1507 2413 2063 4501 8628 6201 227 8529 8924 5463 7752 5424 3647 3091 8998 5872 7595 393 5851 9068 5548 6598 387 4662 4504 4890 672 8721 8169 5643 5668 6001 354 9385 8604 9232 6125 609 3510 1659 1563 1330 1977 6986 3522 188 7705 6676 3425 5617 3498 6964 7091 9596 6397 4245 6825 6624 7080 8064 8619 4483 5715 7041 8841 2460 164 6635 9958 3105 5045 9348 4577 7667 6983 5074 3336 3085 1666 8676 5873 3897 6024 9848 5215 480 505 3683 9651 8871 2597 6785 8166 626 1679 4277 3332 3746 9573 4469 4356 2829 954 8101 3363 5189 7532 8329 2518 4821 9057 5105 6880 4802 721
111 6896 6980 9237 8519 8746 5497 1515 894 2209 8405 9529 5435 8642 4388 8921 2293 9688 8943 3729 4815 3184 328 3974 9223 1776 7628 3841 7473 1121 1183 198 2562 2807 1374 1508 9259 4037 9159 6433 1637 3580 775 2762 4906 5753 9551 1019 5605 8033 9712 7655 3905 8487 2617 3308 9166 9725 7642 2595 2776 6319 8288 5684 6940 5751 1310 8617 5716 9812 7007 4969 5769 6717 8444 5243 8291 7045 169 8819 5659 8161 1466 4372 6561 2627 669 532 843 6890 9854 6386 220 2492 5353 8991 2702 6413 6963 1343 5102 8863 1108 4540 6918 2961 1646 8599 8730 5562 7057 288
121 38 8918 8749 8356 5732 4151 4804 1959 4312 2938 3552 30 6295 3463 3886 9646 1182 8320 6679 494 4592 7698 4376 2709 1573 6180 1817 1030 6020 7770 6210 3717 803 254 6025 6904 5522 5992 371 8696 3820 6767 810 2368 9685 4066 5413 6927 5042 340 5252 9016 8601 9162 391 1560 1885 407 4959 6446 4386 7486 3377 3334 4954 7544 1214 5067 2204 8136 2645 9624 9247 6613 7717 6519 7873 887 4157 9287 9634 1298 1572 6292 1135 4221 3264 7195 3785 8449 7764 7756 1082 4371 6126 7924 3948 5257 6976 9248 9284 51 4402 1241 28 2076 6214 4946 377 5725 8097 7783 7553 988 7067 9785 929 4044 3504 7390 5619
119 8053 9598 7488 4776 7781 6131 6412 2813 8767 7341 5621 4400 2559 5965 9141 6111 2944 4979 6184 2844 5016 8596 1431 2378 4238 8467 7464 1206 365 7437 5275 9056 8112 4081 858 8227 5023 7585 3659 5864 145 7735 3379 5531 5415 1619 5876 902 8678 916 9060 1929 1575 9081 2861 800 4713 897 6867 6930 1436 2114 6631 6504 8548 6837 1689 3956 210 6054 7133 6424 9017 4248 2637 5971 1821 5537 4452 4258 1971 1837 3962 9940 4523 6623 1362 3829 5166 2556 5850 2478 4259 2608 7281 4527 5964 4030 9210 6305 1118 9360 8981 4961 6234 4603 4827 9343 4927 4741 7927 6948 6215 5474 2790 6833 8265 8805 9501
123 1158 35 9648 5104 703 4747 458 34 1177 3045 2960 9591 6336 1725 9538 953 7806 932 2493 7566 4080 4166 3557 8178 8070 9911 3156 4790 8855 1671 4519 3089 9172 8036 9680 115 4671 8731 1582 9233 1276 7855 7205 6242 9481 7895 9681 8704 3006 6351 8883 6798 10 5325 7556 8936 5648 3140 5010 700 5306 5677 4701 9836 9459 5082 1535 2631 8908 4549 6352 2227 6407 2721 5281 9408 224 3021 7270 9025 2549 770 8952 2027 719 4324 4935 9230 7304 794 3730 6366 9134 8351 8061 6066 5352 1131 4426 7114 9304 4668 1353 6236 2875 6000 9356 1656 4489 653 293 6226 5546 4780 5708 2576 3611 5342 8028 9871 3900 7648 3549
120 9107 6926 4960 9868 5540 6520 7801 1812 3359 1987 8458 6506 3247 2409 5576 3914 5701 5911 4723 4930 5126 6553 2900 6294 3891 5768 1146 3944 308 4246 5076 2718 2742 5451 6912 7119 3645 7794 8807 2951 4025 4394 7983 6240 7847 1975 2566 5394 3958 1340 6209 6691 7897 7911 7088 2318 59 8584 8553 3234 7077 5317 1127 3752 5128 1714 8006 4903 7772 3259 1786 9675 49 1665 2408 4017 2199 7379 5280 4681 1651 9063 3744 2113 3888 9526 9818 529 8929 7968 4467 5011 4414 2177 6223 4931 8232 9477 8283 2795 2024 8545 7535 7938 8429 7616 598 1857 4721 2156 9263 5385 7858 6034 7531 2564 5688 3505 1557 2420
120 147 1148 865 9078 8407 74 5995 2308 7567 3693 9340 833 5146 4366 7172 9291 8790 9168 8496 3094 8310 617 7767 7883 999 1355 6835 1261 8834 1223 5978 8266 7762 6920 8510 5460 3190 1027 405 7324 6710 2502 5767 8739 6019 2657 2187 2487 1380 2012 5953 7217 75 152 4074 7961 6402 1156 6949 535 1949 5933 4885 253 6005 4365 347 5350 8515 1269 3810 3101 9974 8580 2361 2751 2081 6396 4160 6314 2485 1074 662 593 5705 1522 8575 352 1911 3126 7765 3438 9623 7977 4052 5761 9626 2162 4496 667 1672 6523 5741 491 9192 5748 3183 6923 9310 4346 6148 6537 81 7668 7610 4729 1815 4634 6919 4120
123 9274 7377 6179 8877 4082 9719 2818 757 6187 360 6538 542 272 6462 6083 8208 9887 7215 9320 8547 3375 9932 1641 7867 3999 2337 2008 6784 8302 1067 4158 7359 6085 451 4022 3658 8959 4966 5175 939 3885 6218 6370 5203 1751 9830 723 316 6937 2104 7716 6466 8130 9446 8928 6267 3208 7631 9986 974 7046 8488 8500 2535 8761 2565 3795 7435 7177 5512 1601 8836 875 343 7461 7796 551 947 80 7691 8772 691 2753 4846 3482 423 4855 6874 2238 3877 2997 4374 9374 1916 3356 4585 3982 7444 7878 678 385 7560 4700 3431 5450 9572 3136 4912 6177 3517 1145 5881 1800 2189 5557 2744 3087 5127 5590 8755 1166 7289 2134
113 9421 1950 786 8935 8559 2981 4235 8192 3684 5044 4168 5935 1372 879 5000 6811 9941 789 4109 823 655 4279 9729 9872 9357 1991 2887 4631 8099 3274 341 7966 2061 3875 1514 3754 6755 788 7020 1187 1347 8338 5411 8595 2009 9510 9359 4029 1858 5877 8193 7268 3233 5081 7710 5314 2083 7066 7841 5 2681 6080 7037 3664 6315 5158 7198 6975 5261 6783 876 2820 715 3913 3149 9050 1620 981 7800 6564 2633 4462 2383 4193 6595 7381 6748 2419 3940 9282 3495 8421 6186 3426 7493 1193 2586 9395 2700 6163 3536 9661 5900 8794 7222 4599 8433 2952 7157 634 5808 8609 8125
111 9190 8985 8238 2871 9052 2692 9744 5193 7340 3937 9803 411 4536 9209 8211 4298 801 5844 326 1990 891 7583 9205 5523 1753 7751 9362 1047 7719 4770 3544 7608 9901 4754 1612 9363 7170 7458 7431 9139 9281 8138 3065 1311 9978 6239 3385 484 9674 8355 1342 408 8495 1215 7363 7480 2385 6285 2676 718 2146 4330 2325 4794 1539 5942 2716 9087 9083 2970 7082 3417 2532 6274 1076 7984 7989 9521 841 5797 4844 9100 6069 3403 5926 415 4473 9341 498 2023 409 1831 4800 2764 2244 7225 8135 2594 8371 184 7605 5012 3969 7008 4898 7910 7613 1803 3 5103 3797
115 7795 1201 2068 6087 4150 1429 2999 6036 2916 3121 8133 6418 7246 8885 9009 9933 3702 4632 3870 1723 3737 6017 9856 1189 4380 9627 8613 3486 6647 589 2464 8738 5781 4084 4336 8290 4831 2923 2827 7852 648 8366 2240 9464 6348 5743 1040 7592 7245 8004 3633 1707 2650 6333 7210 9806 1578 630 144 4749 9242 9989 5509 1055 8718 2003 2817 4544 2311 2418 8947 6421 5906 7993 1151 7312 179 7607 8681 852 2207 8024 5854 9086 8267 828 3320 5974 5285 8892 4069 9658 8513 1968 3027 2555 7455 2099 7946 1094 1320 8927 7671 8992 2069 8188 9787 7278 8237 4992 1626 6355 2435 1373 9278
122 5821 1852 2851 4586 7079 1275 8795 4004 8736 2613 7059 3616 1915 9515 94 3801 2174 6617 6238 3106 7791 738 7164 4257 2708 3733 6449 9433 7827 3372 5152 7645 7617 48 888 464 3316 9113 2381 5366 3207 3941 4863 7680 2704 1294 9979 2682 7586 9633 322 7991 436 7376 2299 1980 5520 156 9442 2125 4879 5899 2458 4291 8969 2853 3967 5369 5009 8229 5301 8484 8289 871 9474 3601 4034 5884 1771 225 7219 7709 5397 7452 6272 6417 6473 465 6140 2045 4159 4763 523 8385 5229 7072 3582 4252 2285 1083 1160 2407 5183 9079 7494 170 2936 1811 9135 8040 726 5653 8914 8938 7159 2732 8826 8137 8039 1073 890 4269
117 9934 6528 437 9462 1228 9689 8579 2653 3118 7213 8397 429 6812 8156 8284 9382 1034 2572 9764 6997 7446 8115 6207 72 1974 7415 2346 2073 6684 5248 9795 4575 403 8438 3865 6376 290 7349 6765 8688 6966 5689 5594 8954 9980 741 2291 8919 1091 2734 4149 596 5542 8915 739 4904 4505 9690 2823 8074 3480 9645 3439 4778 1655 825 4407 7048 9021 3838 9089 3603 1295 3322 5998 5988 2455 7724 6530 5782 5502 1864 7124 4077 256 4967 4807 6593 4724 6687 4908 9770 6388 2323 3796 4919 3354 5744 6477 4490 3846 7845 2843 4932 8955 5190 2624 3186 8949 4509 7148 3738 2433 4352 2257 8439 4677
120 6995 5345 2021 3188 7311 1708 1765 9200 3314 1593 5198 9884 9565 4071 4413 7554 2386 5636 4888 9384 5600 569 548 9157 3166 2937 9629 6310 4845 278 302 9423 8054 2552 1387 1015 4458 1636 2263 6840 5861 3174 8317 6754 9570 1464 1867 3501 2164 2568 8464 7344 7677 9322 9193 7040 8367 5161 2816 3761 6384 2968 6095 591 9309 9486 3066 4165 957 2496 2268 5672 6955 9664 1427 7694 7165 5993 4938 2172 4226 1912 510 506 9438 3685 9300 3323 252 4891 2137 3330 1406 796 2459 2412 7768 4910 1090 6003 5979 4990 2102 6720 2016 4239 3459 4988 7113 1608 1391 5779 2917 4211 6630 3319 8455 1602 4678 991
120 7692 3573 7749 3397 3646 3491 9053 4099 6831 861 3382 8573 3934 4054 3997 9921 5377 5196 5679 3365 3327 6422 5912 5702 8835 8723 5101 4529 9640 1318 8679 7421 2370 3030 8897 8823 9589 9727 6158 7128 3338 1122 7998 8555 7463 5208 1021 4437 4837 5954 1059 5567 3672 9630 2897 9294 4297 5486 9361 2275 9488 1956 5247 5029 3719 7439 4133 7323 3961 1762 5606 4793 8591 6391 9062 4550 8815 7125 6027 5866 453 5056 9720 1052 6075 8428 2205 7870 3278 3539 8311 6472 6602 2051 9964 4076 3241 665 8086 1297 1584 3980 9696 6246 6149 5690 5130 6329 8387 5703 7574 4895 9944 6862 7757 461 9416 305 6430 5943
116 1448 9338 7193 6110 3791 6156 3906 6606 4605 9441 8348 2978 4806 3538 7156 5784 9105 7188 8420 518 9130 5094 2250 1248 7928 7251 376 232 5564 3542 6786 6453 1627 5724 1816 4774 2969 7325 7546 2611 7813 2992 6514 3709 9024 1439 1144 5327 7744 4331 5623 9112 6474 9643 8825 4276 6244 1873 3874 4528 3564 1422 3872 5966 2115 8732 5272 1240 4140 36 4315 1154 492 3537 998 8752 1317 6672 5919 913 3585 6099 6801 5663 1190 5941 1840 4956 9821 9138 943 4482 9337 5727 2570 231 6426 9579 1150 2745 3445 5436 4727 2520 7097 2880 1272 6644 984 9102 2561 5591 8817 1870 6913 3302
118 8655 6330 9893 5390 729 3393 6610 2902 4694 8946 6282 6621 9331 1577 9994 1684 8098 8168 9726 6401 5616 3019 4787 9949 881 6555 8332 3496 3911 5091 765 5079 8308 2786 5718 9567 8041 3187 7626 9472 9082 9297 8255 647 3148 8975 5182 5855 9450 7087 4736 968 917 4187 9178 4094 9443 2661 3741 8268 3926 5736 1829 2991 4013 6212 3168 2615 4570 1456 815 6443 1505 972 3044 7199 267 896 4552 1097 8172 5303 1877 4532 5507 8155 7573 2158 6220 9999 5205 2819 3569 7053 2757 7154 9055 1779 2373 6489 7116 9628 5188 6797 330 3627 9926 8247 7995 5950 5221 6405 313 4997 9606 2996 8432 813
112 4551 4207 3194 4397 5610 4620 1970 2517 3541 5307 4295 5027 8673 6688 4191 7914 2787 1896 6320 9457 5430 2089 9951 8716 2640 6824 4288 3110 967 7508 7039 7889 4477 12 3153 2904 9255 8653 661 5552 1927 9897 4453 9036 178 6395 8463 4142 2429 4894 8904 7853 4318 2211 9414 9817 9028 7021 7542 1476 1796 1081 1013 1401 7955 4892 3357 8165 8443 1647 8608 7412 3574 7769 6420 4630 2683 1526 3034 4665 5949 3490 1025 670 4100 5036 8102 7374 9191 2230 32 1528 16 5348 4173 1326 5561 5500 287 9308 3694 1851 2857 2598 2655 1199 3040 5802 2231 3178 6162 3984
116 7533 8069 6843 1706 7874 5194 4309 4768 8677 5646 6674 6280 5765 1986 8032 1521 3026 2986 1790 3469 9461 4735 1424 762 1473 7468 7619 6429 4637 5676 213 9003 5155 8199 8814 5207 4219 8312 8621 9773 2289 676 4704 8362 4882 3511 137 5329 6954 4251 7320 9656 7892 5826 8671 4255 9231 5894 6216 4174 6539 2918 1551 9506 9507 2149 4237 6971 5156 4617 612 6660 4561 7962 2587 5165 7703 3678 2302 4172 5513 7670 8818 1733 1171 7912 8939 3328 237 4348 5742 7192 5556 7666 4454 8803 2803 3457 9475 4516 1149 4137 1616 1722 9249 6438 5287 3103 8743 8150 3224 4424 3748 6311 5871 8360
113 3701 4828 5399 5370 6731 3342 5318 6771 9918 2441 3076 4011 5968 838 853 6577 1976 6586 7832 2942 2497 2495 8493 5078 2255 3054 6861 3768 2603 5951 422 6467 6714 9411 9046 2987 5515 7700 7295 8659 7362 5714 5647 9251 1899 7211 8966 585 5602 8389 2216 5100 2759 7208 1426 5609 7271 6951 5890 2356 2699 9478 2471 5240 8187 8298 4102 222 2794 772 7370 117 8215 8996 6478 5058 1364 9387 3488 7559 6464 9890 5211 3001 8077 1854 6585 7810 9668 9915 4101 2668 6968 1703 3004 1350 9226 228 3837 9469 804 3876 5489 9788 536 2728 6733 5433 200 8840 229 4852 9858
120 5230 7367 6511 8675 4155 4539 2147 1544 9682 9880 39 3389 3446 5351 6096 3170 4809 5163 5498 5661 7196 5059 2170 9847 9445 4351 8507 9470 7725 7503 1006 4653 8322 4984 7575 1781 6288 271 8812 5799 9429 1080 4222 8744 27 9746 4461 6297 8793 4154 7230 5417 4870 675 7134 4147 3925 2157 1938 4674 8650 410 8224 1880 5200 4398 6531 2499 3061 2296 5330 8789 301 2284 2479 4543 8690 8440 1367 6042 4233 2236 973 3337 9094 5026 8768 6638 7835 6581 8459 2071 9665 3266 1334 9894 3676 9738 441 6942 5349 7923 3169 45 5632 1309 1736 6697 4669 1834 7860 8391 820 8020 6171 7908 7279 3260 5372 2873
120 3311 8343 8893 398 5286 5710 5264 6047 3427 8181 4730 4208 6512 8468 3329 9090 9131 5829 9748 5532 3745 8937 6791 7888 6225 2717 2934 5412 6891 3790 8092 9500 7394 570 3758 111 3524 4974 7922 6526 5150 4141 3303 4866 7355 2761 5931 9252 2837 7129 3070 2842 8910 1739 1694 7635 4451 6237 5302 158 3502 7229 3688 3883 2294 8418 9219 2812 9508 4814 7326 6888 2399 4684 7347 3299 8175 6248 2778 2697 7624 4439 6982 9073 2766 8067 7317 3740 5214 4449 1693 7361 6533 8045 1696 1635 9435 9074 3017 9154 7675 1331 3481 1793 3413 8971 8374 7821 2605 1216 2989 5681 8530 1992 918 7548 8315 150 7409 1303
116 6826 9922 6560 298 7761 5068 1270 555 6711 644 1554 1504 3083 5904 5987 2394 3465 3916 9802 9425 3960 9290 2225 5785 6327 1895 1489 7017 6374 5015 8295 6011 1045 4718 7408 7564 3196 3081 4934 7434 8986 4915 9379 7076 1983 3185 5049 9496 1813 9800 4635 3871 6235 1532 8296 8838 2312 6468 5526 9991 6178 4878 6316 3285 3262 4188 9260 4962 1056 8333 7234 3464 3221 2015 1596 3046 9514 539 6166 8784 219 355 9902 1141 780 9900 5186 4118 9743 4836 7318 7422 7404 1312 8324 4506 7846 3981 6859 5955 4825 5891 7885 7838 4287 893 3370 6703 7687 610 3722 5237 6048 9307 3523 2393
121 6664 4244 7011 2286 1361 1685 8687 2144 1394 4162 9697 4359 1033 6897 680 3255 4985 1942 9149 197 3978 3773 8419 8239 5234 2235 3563 1682 5055 5786 1746 127 3827 2307 4622 9819 4893 1559 2809 5544 368 5231 884 2616 3799 6856 1418 1044 7220 4265 9906 4139 218 5538 9123 6883 2243 9822 5571 5060 7915 8751 7058 4204 776 4367 5511 1529 1677 9554 8274 5545 2799 6866 2424 7375 19 3279 1336 9758 9436 4756 7163 7267 4048 5454 7918 8542 4955 8714 5566 7078 6284 1453 6486 8186 1475 7822 6732 8183 2195 8536 5216 2528 3750 8594 3711 5662 7828 8094 4086 3775 8606 9111 5704 6670 7739 3350 8307 1639 7424
115 692 4126 1278 4530 1486 7042 6312 2473 8940 4654 2791 5875 4304 4593 1807 2569 4260 3915 9344 3836 6950 3053 656 9973 5903 8279 7442 5224 9542 7498 9366 2494 2190 5849 4169 3873 5493 7201 1176 4278 419 4465 5639 9583 3543 7373 7949 8118 7534 5756 8950 206 4019 2140 9549 9808 4765 2242 7612 7623 2609 2477 5283 5085 5018 2935 2652 6425 1467 7530 7972 2847 5667 9876 9772 7686 5032 7953 8477 7699 3472 7226 8757 7942 6667 8050 3818 1096 5334 6363 5137 2265 5501 5554 9982 9550 7227 5771 4095 5473 7809 7232 5466 3386 7974 2481 9783 6483 7214 8240 1737 5514 6014 6 3272
107 4412 8771 7096 444 9244 3079 5885 9285 3994 8741 3173 1567 8261 6738 9639 2488 4471 864 7098 5441 8153 1935 901 2389 7758 5455 6634 5870 1420 3042 6461 7669 7831 5960 3566 50 7786 5410 9855 9456 2354 5822 3880 8382 500 1953 452 615 4616 5337 3242 6740 1868 1133 4338 7992 6481 7565 3860 1095 1288 9546 6109 6607 8562 6944 3122 382 734 2526 9625 5316 4596 6882 3177 8258 4047 797 9861 138 280 4873 1662 4495 5524 3111 2309 1136 2590 2854 2849 2690 4436 282 6989 643 5179 5517 4909 5628 2948 1470 9417 3419 9186 7952 6573
109 1345 319 4905 9449 9892 925 4791 9571 754 2758 6427 3191 5819 3230 3228 5750 2384 5087 5867 5669 5364 587 7902 9582 5099 9870 5909 2852 543 8309 1432 844 7297 443 5084 4391 5125 5428 1931 7284 2371 6751 4443 5494 1233 9957 107 1731 6854 5043 2074 5547 9238 4382 7152 8213 1525 1688 5138 4007 2274 5981 4590 4716 6946 2136 6499 8862 4320 3099 6337 5228 5711 714 250 1809 9581 9797 8571 4764 2405 9502 2213 4826 4292 4822 3100 1910 6441 2466 3313 8084 1265 2976 2979 9032 5817 1458 748 6276 511 6245 2531 6885 6028 8017 4228 8775 3292
118 7499 636 6770 9169 6358 7590 1670 2602 3772 5831 6006 992 5842 5585 4363 4104 5172 6887 8285 4738 4783 8689 7071 2269 755 7511 2635 2267 3757 3497 1211 9801 6306 4073 935 4682 1562 8735 6614 4039 7033 3290 4146 1715 4092 2836 733 7055 7790 8216 1543 4185 6078 9216 904 9250 5565 9027 977 3698 8359 566 9323 1695 2544 5865 2985 990 8344 3499 4090 6618 2064 8902 3840 7136 497 6432 1377 1251 2632 8926 7651 456 6708 31 5624 8978 2430 7502 6723 6695 6693 2317 66 3923 6318 2091 2878 8699 7403 4322 4952 4652 6847 7454 4589 3667 4378 5558 6159 332 742 4945 7676 3951 4362 2153
122 5063 6554 7419 7358 1678 8454 9202 4867 4835 6050 6852 4181 6039 9597 544 1222 624 7600 2720 1142 6463 2801 6822 6819 5989 1128 2822 3535 82 3808 1104 5170 8630 1138 5975 6931 5192 907 1089 9227 6677 975 5096 6382 146 8456 6991 6864 9618 5219 3414 8827 3656 6957 2018 14 3788 8046 3473 9937 3770 2152 8694 1804 9724 7274 4691 4572 8556 646 6895 749 8414 8073 8176 2618 3467 4711 7143 1633 6469 7387 6807 6750 4321 4015 9649 5693 6815 7400 4470 4503 1032 2395 3996 6170 7690 7150 8649 3576 3593 3591 829 6203 6074 1028 1398 5484 5276 9039 3657 7392 449 8605 1686 5794 5745 6393 4447 2124 919 5213
110 7505 2953 9420 1962 3361 9833 7935 5839 8568 5117 6583 6174 5859 9984 3590 2610 9864 9846 6181 9832 8292 3589 6167 4456 938 331 7166 4026 346 8350 450 625 9845 4940 1423 9505 4148 8369 2139 4602 6654 6898 7000 9820 6675 8483 5869 8540 6308 9869 2092 7273 1906 613 3146 9132 6649 1886 7495 2100 4474 2080 7712 2163 6065 8710 1835 2339 2660 8994 4387 2928 4685 1203 5633 4130 8451 3704 1778 3802 6933 8194 7788 1717 7149 8845 1540 420 4880 1583 7315 1264 8471 8570 8526 5595 8641 5376 6702 8318 4115 578 2303 5249 9091 3686 4748 3143 5612 3376
118 5199 3088 4971 7909 8008 5308 8026 2557 8075 2543 5405 345 2329 5697 5878 3387 5396 9432 7256 162 597 1084 2345 3663 7237 7352 4981 3559 2041 3605 1828 6941 1454 3731 5634 9791 5005 8911 3626 3324 5206 8373 5472 6910 4301 4427 1750 6884 8034 312 4514 8525 3398 8618 6741 7582 9220 4319 5615 416 9760 8276 6934 7773 9335 9679 8021 8672 9614 6428 3570 2490 839 637 6127 2504 9467 1814 632 7685 6529 2416 2246 8485 9276 1874 2687 9920 6939 3619 4656 2577 7135 7162 5142 5660 1369 5670 3399 2840 5465 6759 8114 5640 9765 1963 5559 4067 2363 1004 9929 1243 7272 9171 9038 6322 7520 9616
118 202 7823 9950 1129 6875 527 8448 5686 1772 682 6498 1051 6686 6820 664 5920 249 7092 4941 3650 1381 8363 7294 5982 2663 7010 9513 1795 2638 878 8666 5402 4182 2334 7718 8816 5948 69 2321 4937 1640 8027 488 9842 33 3833 1745 239 5549 3548 5922 874 2614 9124 7622 7913 434 9444 818 3245 9677 2247 3494 1354 674 4377 9067 9329 7448 2855 604 1213 283 4243 2596 9874 1285 2571 3814 8197 3755 4982 2775 3074 768 6164 7393 5550 8798 4156 9196 4339 7407 7218 3142 6497 8912 6206 9794 2612 2452 8544 6400 3992 7117 122 8844 243 9033 4862 6743 8963 9638 3138 6993 6189 8779 4759
115 1247 7792 7158 5812 595 2912 1438 5573 8489 1217 304 6378 8658 185 5080 9058 607 4604 9407 8242 519 3219 9008 5340 1503 1339 6273 9011 3031 7844 6699 1113 1903 7784 6565 7122 9722 5476 3060 8204 7006 6053 3780 2651 5471 798 1495 1599 4755 2980 4214 6501 3648 6283 6480 1824 2693 3204 4977 4782 2228 4068 8300 581 8087 6356 9410 4757 1316 6490 1417 235 7207 7036 9910 5932 9873 2234 404 8802 9805 9763 7540 7654 8 8093 7436 4740 5956 9493 5024 3444 8203 8760 6611 1861 4953 2885 7704 8499 4063 8220 7500 1542 459 1231 4601 1699 4421 8523 5967 77 8012 2122 454
122 5895 5255 9494 1871 6243 6041 9066 7842 2806 8633 5404 4554 6252 5823 2901 9352 1838 1472 7305 7894 4771 4975 8518 8857 5432 7482 6629 4055 1220 5999 605 3150 1533 3225 8514 5459 285 5177 4865 1863 7798 767 677 7727 8171 4089 6543 7385 2038 2475 1491 7588 1534 6788 3577 1132 4884 3470 4023 5766 8987 8680 3655 4968 4183 9693 1918 8328 7277 3815 1712 5062 6532 9862 6415 5434 8002 68 5086 2784 3921 56 9924 4824 7776 8230 8129 6563 151 6728 3634 2876 3735 2957 4396 2442 4240 4750 7981 8668 7683 3369 432 725 3052 3596 8140 8173 5553 5120 8907 7593 9163 6769 9751 481 5251 1664 5274 842 7263 7178
117 2563 400 9114 5588 886 8275 3049 5835 3210 3082 4403 9557 5378 5833 325 1676 8072 85 2967 9631 5475 5159 2802 3942 8711 9367 8967 942 8707 3803 8147 5335 6823 750 693 7144 6671 5406 1152 8177 3229 840 7563 5730 4003 7957 350 5934 4230 4354 1650 7447 4874 3000 1346 9535 751 8297 1883 2358 5346 906 5233 6447 1766 5984 799 6545 2367 9503 7398 4796 6804 2088 3798 7898 1989 1155 3839 9988 4091 9792 9730 546 5506 4209 1070 4199 2877 2639 4060 8654 4420 5927 2084 7775 1001 6969 4666 148 1281 208 9283 7 7368 3831 3380 2771 8416 8588 7630 2484 5371 4041 1657 611 2769
123 3856 76 1630 1037 6362 4925 3368 323 5504 9129 7871 7106 704 8314 3310 2482 8482 3809 7916 3318 6049 4690 8854 6636 315 6084 3041 9376 599 1683 2500 3881 6141 5373 2599 6440 2042 7142 3927 6368 1849 485 7861 1872 7730 4502 8103 8384 2838 1184 129 3651 2583 4205 2739 1202 9642 7209 3218 6068 7720 5160 7591 7919 1478 6101 5887 8785 5485 914 7423 5321 2126 1825 4267 3602 5604 1510 7933 4618 5292 9254 1512 8019 8442 7283 2095 9268 531 5801 431 9593 8878 2217 6450 4224 8569 9997 5440 6255 6578 1323 5651 5365 7818 8080 1649 92 4594 7793 3598 2830 3209 7025 5519 5691 9882 4920 2548 7228 7384 3622 1447
116 7615 9592 9995 5529 217 3957 8349 4179 1595 1481 895 5113 2879 8701 8305 8586 2511 9126 6132 37 2316 5132 8212 7449 3055 4329 7816 1909 64 9956 4819 6580 1196 7965 8364 7335 9315 9843 2342 9239 2215 5620 4200 363 9912 3152 7513 3630 1907 5347 2048 9983 8126 4720 4450 5458 5947 8225 3423 2425 2988 15 8263 4942 299 6800 8551 1926 9221 3660 7663 3515 4881 2737 8109 44 5299 2931 7111 4463 4056 6872 7872 867 9161 3669 9761 6152 602 8917 9652 9409 2893 4640 3604 4542 4547 4357 5874 7529 6323 6713 4897 2513 3158 979 7031 5431 7313 440 399 2503 5499 1444 286 1479
