33 2735 1227 7585 9045 3594 1496 1331 4384 2543 5514 8843 320 581 7461 8381 9092 4351 2222 8015 3171 8639 4780 1133 3460 5930 3872 5560 7151 1939 6458 5944 9176 4124
28 6689 7293 892 9286 9795 832 85 6784 5809 2343 7689 2373 8289 8009 3763 689 4993 7418 5558 2295 2365 5365 8056 5580 6278 4563 948 6
18 3090 2324 1674 168 7444 9708 1096 8780 1484 5549 9719 2579 7338 4116 9918 8443 4350 1360
20 1209 5971 1251 7446 6742 1106 9134 8737 7679 2977 3731 2740 6975 5675 5419 8524 3455 4322 1167 7522
18 6466 6662 5710 5090 596 5495 4709 9044 4361 4678 7964 7888 5159 2267 1822 7603 9860 9931
25 5018 1447 2523 1200 3666 2464 2771 1189 189 5394 5211 9460 5268 1371 5270 80 288 7526 2249 6315 259 623 4901 831 9770
28 9313 3333 6068 7574 5719 7232 6336 6698 2260 5033 1820 7392 4916 6290 7547 2153 6785 5565 6798 3628 9183 745 2587 1486 7670 8680 7345 2709
30 2519 1194 4255 3717 8772 5428 2613 7068 1004 163 6680 4330 9113 771 5810 2561 5109 7851 1704 2091 1390 5207 4611 6546 1454 6487 1677 1127 3032 3562
13 549 2296 8967 5475 1292 9271 7100 1881 6153 8726 7723 8349 2862
8 4525 9733 8447 9927 4476 1403 710 3224
23 5934 6529 1530 9144 5477 4585 6762 8990 949 8645 8533 4561 484 8400 9026 8599 7280 4931 1703 6621 3388 6595 2185
4 4679 3119 6669 2573
22 88 1883 1778 6904 5041 1882 7536 8318 9704 2085 2785 3582 198 8126 5242 6528 2730 5149 1495 4600 4542 431
28 7109 8274 615 8614 4940 1324 5914 4944 3645 9630 4388 8841 8872 5733 1401 4389 5506 8180 6440 7589 681 7845 637 9956 1966 3093 5404 7093
10 2465 7455 2143 6473 1873 4652 8742 1494 2053 4023
27 7957 7711 6786 7086 6425 5187 2732 64 9539 1302 2515 3710 9420 6437 2089 7148 688 4460 3061 5754 9245 5078 3223 3943 6035 5294 4599
18 519 8965 5815 8743 2978 3977 4997 1342 5326 3515 644 3019 1408 9308 5937 8503 9025 8921
30 4309 6794 4084 1908 6903 7663 380 175 5792 7498 5176 8764 4219 5929 3241 399 7179 2263 7195 5807 2379 6468 5677 5469 5065 2554 5022 7537 5312 8490
28 5970 9820 1489 4875 3885 7246 6313 7134 3622 542 6915 365 538 5391 812 6855 3659 5288 404 6823 4774 6371 9840 9350 7350 8607 3279 557
26 5324 3049 3024 3073 3840 5601 7636 6484 9054 9379 8540 936 1217 6612 7101 9250 9050 6990 7185 1351 9047 9648 8082 3111 737 1136
15 4839 3708 4965 4714 1531 5583 1045 6772 9298 547 851 8927 2038 9755 7972
17 719 5352 8747 3083 164 4871 7633 5764 582 508 3776 6282 1432 7623 9312 1007 1022
27 606 7140 6155 9815 6771 3038 9737 5260 5915 9319 7987 3610 133 5658 684 1525 8569 4191 5321 2344 747 8365 416 679 9290 4683 2276
11 423 8227 7671 8810 6230 323 7264 2728 2175 3043 4040
14 1776 3655 3976 8434 2967 4659 292 2291 4328 3754 4111 5094 5801 6517
6 6031 211 881 8542 8953 1880
27 6663 7186 9412 5829 6503 7208 7477 629 2415 6041 2645 819 793 4730 5851 4647 2500 8513 5828 7343 8455 8275 6723 2929 7307 5390 1887
8 187 4877 2335 533 5620 5371 8108 8596
29 1066 3546 7117 4720 3740 4615 3958 2240 230 7857 8551 8627 1781 9783 6116 9239 4912 3730 7330 2522 1506 4864 8305 5489 3687 6881 6257 8797 7036
30 5335 3245 3176 9633 1792 9538 2919 2527 7048 1330 865 7624 6619 736 9767 1314 361 3214 4715 3806 3810 345 3464 1957 1380 7083 9383 4392 5735 5147
18 8175 2589 9495 9628 8192 6980 9438 7221 6204 5741 8633 7427 51 7241 4841 7597 6322 4716
19 1560 7810 5466 7102 9524 6886 6871 403 4089 7271 8026 9790 3753 7506 2583 2371 9555 7577 3158
33 4758 8029 6304 6360 7277 100 8273 4119 8485 4775 387 6157 3959 8725 1031 5122 5958 7417 8127 591 8531 2903 9903 6892 4676 2347 9147 619 8279 3113 6978 8941 7390
10 3817 9046 6004 975 7934 5091 6644 2030 9196 4332
24 3580 19 9401 9487 1386 2178 7239 4532 3974 3432 8511 1772 9548 9583 3452 6810 7095 9148 3658 5707 1216 8606 3204 638
6 6252 984 8915 4274 1239 4796
19 1273 6654 6239 839 4376 6601 7019 3261 1455 3621 6218 9659 9508 7990 6384 925 2746 1805 2814
24 7499 6189 513 718 1272 1046 9647 1110 7697 7361 544 3127 4499 8136 2452 1702 7552 4992 4982 6763 8679 3705 8019 6533
30 1867 1414 661 9926 9557 9610 3949 252 147 523 1589 9720 4892 2125 7599 9221 4936 5518 5965 6653 4757 8479 2604 1128 3126 3914 8648 1931 9374 9499
19 7965 8783 6168 1904 3680 2551 767 2556 6163 6932 4019 9418 4700 1095 1419 796 3975 2130 9614
24 6822 3527 5517 6547 7698 4024 127 4636 9624 8603 1428 5004 3447 946 3387 3081 6431 594 8304 1092 2890 2594 1301 9568
22 2432 6502 2711 2399 8093 6652 708 9265 5014 584 5134 4046 5587 6858 7735 2396 333 7945 3018 1916 785 2951
18 7070 9166 7224 2783 6340 3232 5557 7176 1831 4651 9428 999 7497 1058 503 5742 5825 4243
17 1178 1949 3565 1693 146 5724 2921 843 6885 3308 1255 7288 1875 4974 2099 7641 5293
20 8890 5284 3242 1618 6555 5633 3517 1974 9088 6506 3613 9413 4812 4095 8712 5775 1848 4531 5555 8232
16 4742 2603 6159 5120 1963 3054 5124 9346 1836 6568 3876 2873 7753 1064 4022 1691
20 3055 4873 2230 1518 1729 4139 896 9833 4491 2043 2023 15 5486 1424 510 1824 5512 641 8147 8046
27 6002 6139 9503 6942 7380 7092 8030 9062 6962 4117 1603 8911 8809 1471 238 4316 7454 103 3878 2676 6945 6408 4991 289 6514 8900 224
23 8773 7940 6352 1967 9043 1501 1448 614 9896 4964 9683 5385 8752 9667 3526 3715 4501 6606 6715 7489 6250 70 20
29 8292 8489 1697 4686 9743 8236 8665 2753 821 3909 5700 6898 1748 4087 6609 9136 7106 3973 8081 5349 2575 4672 9961 8677 4534 3189 16 5248 5877
17 672 5227 4635 7580 9512 241 1886 5713 1700 7453 3926 4926 9200 9522 2615 8070 9970
13 7475 1838 4467 9754 396 1686 928 9110 1786 815 7500 426 835
18 8477 8149 7804 6154 5789 1753 1291 7216 9955 6505 1793 1356 4054 662 5435 8463 4305 4732
15 5235 8630 9274 4048 8998 5959 4690 4453 4845 6790 4176 7908 2367 964 9515
29 6277 567 8892 7876 4613 6969 2434 7118 254 2164 7145 3761 7142 4625 5166 1450 7021 28 5277 5346 7892 1749 6249 8501 1287 6981 5458 9977 1300
8 2720 696 873 6319 1322 2866 722 4277
28 9409 477 2975 284 507 7692 1565 1644 9641 7564 6379 6699 8492 8218 7125 3013 9966 3516 9826 5643 2210 9168 9745 7559 8090 4424 1336 2586
21 2920 7435 6741 3066 8940 572 4607 5279 8968 101 5936 6057 2252 4896 8036 4518 7215 1731 1456 5973 3402
14 4094 5218 8548 4153 7884 671 4541 9948 7274 1947 2241 3341 7713 913
24 3629 1228 6053 6409 5054 2981 5426 2388 5021 4209 2498 78 5278 4382 4917 6180 356 6866 3048 2237 8389 8083 6768 3883
23 677 666 8493 9132 7883 5879 2057 3722 5123 1130 7974 8153 366 9883 8387 7012 2945 3932 1426 9986 7954 707 5538
31 3607 6485 6455 655 6764 7438 5088 8300 7715 4031 4293 6134 6808 9358 9542 9867 9348 8003 9244 1769 2672 8859 8756 7859 6936 9371 6112 1614 6096 5547 3781
31 9679 7864 3601 7236 9871 376 595 2797 3373 6426 6681 9574 7587 3449 5104 859 5681 8656 6509 4572 7838 1608 2725 750 5669 2847 1952 8372 5631 58 6870
26 1097 1407 8978 1260 2245 4318 5409 81 5564 6056 3007 4856 3689 1666 4745 451 8771 4609 2251 6594 3662 2294 9940 4273 1645 1898
18 5497 3147 5008 9981 3663 8546 6363 3609 3649 5873 1157 7767 9509 2494 571 1225 2848 8717
27 9752 3918 9666 3833 4028 4645 3970 9101 8984 7829 5907 4550 501 7004 1513 7560 9780 8006 2619 6972 1149 8251 6616 9676 3378 6368 1892
14 6670 8932 874 5699 1201 6638 6989 4331 8506 8373 1539 2437 958 1000
15 1757 3249 6875 2717 2110 7562 7081 6238 5141 4564 1056 630 6545 3713 4192
15 5440 7687 3461 1655 4602 3057 8167 5803 3675 2412 389 7519 8611 504 8943
28 9514 4984 3865 9640 6293 9100 8694 1179 5323 1166 6883 9607 6682 183 9957 866 9258 3955 6347 2807 5932 8084 3226 792 2550 4641 7742 6127
12 2571 1384 7768 199 9954 788 3383 7059 7992 5057 669 1961
13 563 3430 7684 7483 7348 1661 4284 7295 5130 1801 7696 8044 3931
18 6381 9090 4112 1830 7787 5453 9158 2362 4838 9519 4998 5202 6158 8908 9885 7708 7681 2090
30 9003 3276 8203 7602 2639 8445 7916 3418 4819 137 9784 3846 2837 6339 4631 2414 1851 7598 2988 7486 5680 8828 2201 1712 5223 5696 2976 8396 764 8870
23 3549 2297 5382 1587 5878 5353 5101 4921 6235 5905 634 7003 8248 6050 5030 7233 3581 5961 5536 5874 7485 9117 4662
11 4601 1170 3773 9105 4115 8937 6639 3669 9377 3848 6400
16 7657 9405 4233 6718 4411 2533 9398 2795 1659 420 3125 9467 176 6439 4041 5037
27 2015 2031 2167 4990 5351 1109 4256 9962 8214 9157 2479 4279 5373 4032 3962 9725 3568 6928 9899 4151 6233 7646 5645 6496 1427 2806 4795
28 8708 5615 7792 4246 2235 4544 4593 2355 4227 5632 7680 5133 1980 7178 8169 357 6167 4632 7582 1463 9086 6001 9351 5 9534 6472 4447 7458
22 5860 2424 5189 9586 3842 6261 7096 6374 7769 4113 8928 1981 7341 4777 3999 7538 2854 8049 467 6859 9762 5059
14 8758 9636 493 8653 4764 4862 7984 5310 509 4224 6406 3392 5600 492
21 9847 1637 4575 8536 6498 992 9242 7941 7576 3086 1274 6854 4573 8139 9764 6390 1552 3838 9811 8582 5398
28 2883 658 5049 4807 9464 1884 8555 7643 1459 7659 2501 4489 7007 4487 5171 6382 1775 5989 3716 3385 5505 5927 2490 6731 7126 2750 5368 4580
10 9913 5954 9556 5777 330 4099 2505 6737 7316 6190
28 5445 1492 8370 498 4869 6048 7856 2377 1620 5465 2122 724 8140 1736 8954 6847 9594 5336 3306 3642 38 4434 6046 1586 7079 2922 6467 8789
19 9976 5727 965 4207 9511 4372 7135 9763 5081 9279 149 160 8336 7349 3441 8322 9642 7460 2224
4 4078 3005 7779 3539
27 8310 3409 6164 2605 7668 2059 6896 1846 5899 8014 5372 395 3474 612 9706 7462 6442 8817 3525 2485 4771 3353 4182 915 2772 1445 5573
15 6916 3294 4935 419 4141 6647 1721 969 2234 3225 6687 4769 9507 9749 7356
23 4008 7028 6206 4225 6392 9497 5695 7315 3981 4884 8746 7305 3079 6708 4688 1988 8571 5342 60 1350 4962 2238 3064
22 9888 6404 4194 9696 5511 2927 5660 3524 2810 2948 8312 7381 2636 9378 9085 90 5925 1965 2274 450 5945 5886
33 6263 190 2957 7243 8791 5135 9276 6013 4879 1391 8401 8416 6253 1771 3115 8212 282 6778 6414 6308 6802 1026 8526 1162 6637 4707 7752 1059 5752 9960 9214 7980 1473
25 1305 3236 9267 3200 8085 9832 9645 5100 5160 7794 1271 1692 8988 6641 5154 3027 3844 4529 9269 5575 6224 4934 9808 49 3367
26 6815 3540 3291 3904 319 1470 5026 2174 8691 5785 731 195 9688 8846 6432 4218 8625 8256 1600 9373 2301 7869 6611 3797 2134 8636
20 3307 1784 2511 3632 4520 5597 6079 4000 5084 8755 3350 2631 6022 8333 6105 5657 6661 9932 4741 1935
6 4071 6745 8088 7813 9921 4614
31 303 1512 4184 6338 266 986 8118 7808 3901 8407 8820 9968 9421 592 5350 7622 8241 8045 4178 2616 7852 3217 1577 3183 9051 3287 3327 5978 9560 2961 6170
26 2316 2233 1030 3105 9002 2741 5853 120 9222 8028 9160 4701 6891 806 9862 6736 8584 9893 4427 8577 9756 6217 5395 480 4904 8119
34 1335 9935 1588 1240 1601 1845 9475 8101 9440 2121 355 2042 2923 8299 3841 213 6490 4122 158 2387 9470 6846 6640 522 7144 8655 9905 8205 2827 4199 3264 7943 4725 3172
26 2917 2166 4164 3411 9345 475 1369 2602 6331 2565 2397 4667 7900 2345 3323 4809 877 9001 7018 6027 4478 4201 8399 7644 2328 2445
5 8731 7114 5480 1744 4321
17 8878 502 5006 6550 2207 7256 9858 8585 9639 9229 6462 4543 4359 6325 4722 814 7482
13 1138 7612 5890 1206 5679 5913 8431 7865 52 1982 670 7782 3491
14 9619 7108 7113 4853 2541 8753 5410 5787 5002 7776 5051 7123 7611 1713
18 7013 9231 2654 8051 9053 3711 8875 226 4567 5831 1662 3322 4961 6434 9747 343 2993 3458
24 2061 8557 7347 6066 3213 7474 6178 8779 8428 1395 5180 7331 1265 5590 2733 5740 4978 3728 221 7202 6019 4556 7410 2658
10 5086 2738 7927 1986 476 8397 7304 4817 7133 4399
30 4058 9649 6756 318 9042 422 9842 2652 2072 2842 9844 9433 2938 947 6743 3494 9224 7321 6205 7298 2462 3908 8914 4684 7200 8393 1397 360 2463 3631
22 4618 789 7314 4826 2916 7840 871 4756 6268 1198 7843 4012 1905 8916 7531 4621 1446 2350 8829 4239 5840 1545
17 7929 8458 368 6378 4343 4357 1976 7798 8181 5595 5010 1540 8837 7419 6614 4390 1594
8 5300 8484 200 9382 2825 2660 6349 4374
29 1315 7156 3989 135 7434 823 1263 8909 8687 5099 463 8450 7823 2614 37 1402 639 4173 4468 4945 9236 2050 5898 2764 5322 685 131 9317 3643
22 9707 1609 4910 9297 1460 7253 7191 6672 388 698 8344 7285 7543 972 7047 4438 8885 8269 4500 9451 3559 1006
21 7429 817 530 439 506 7209 5043 2386 886 1016 8721 8470 6713 2955 809 6816 9774 4100 1816 9389 5067
18 7861 1605 277 7000 3319 5751 4063 9731 6367 1193 9881 5380 8244 4335 3045 3395 9740 1226
28 4059 1323 9320 8803 3616 6584 5366 3770 2395 4895 7488 2601 7967 1688 5786 6047 991 9293 4198 8172 5110 7473 1675 9502 7836 2258 9865 5296
20 5192 8290 608 4920 8989 1381 25 7063 3059 6759 8050 1825 4765 4425 1268 2858 1758 9854 3863 8012
24 5299 3197 5369 69 3398 8854 6618 2480 2898 1598 3765 1199 7132 5216 1394 2197 4674 801 2994 8469 5947 7774 8066 923
21 6783 9402 4833 3875 4938 5799 3124 3062 7837 8644 7592 7894 6642 2021 3699 1140 6080 5682 1191 3712 8850
27 7401 6150 4196 3544 1491 102 704 9195 9963 1220 2568 1638 9299 9376 4232 2793 723 8975 3206 5671 6524 3440 9266 6489 5812 9922 4540
26 4855 8024 457 3816 2982 5228 7041 444 9822 3751 9444 1761 4902 7397 5313 4831 7408 3864 2987 5871 5869 6702 7160 5836 1060 9058
9 7463 1438 1002 3685 9837 4470 6161 826 4471
32 3167 7287 3910 7867 9450 6705 3117 2675 934 4353 4634 5534 880 9361 1461 4368 9142 887 4626 3917 1811 2158 8270 1242 9703 5667 4408 341 6782 910 3688 5273
26 273 3257 2626 3050 2570 6648 907 2640 4699 9077 3085 7872 6880 6983 4590 4290 3389 9933 8340 2005 3063 6351 6330 1258 4488 9765
27 3444 8711 867 5045 8494 8800 8097 3905 7016 4486 6130 1850 1673 7728 9352 7583 7336 3956 3577 6841 3882 1303 4759 9775 5363 3012 6185
17 769 7993 1142 4830 5156 617 4605 5962 2292 6909 3278 7610 1876 3824 1087 7393 5790
27 3696 5858 9130 2128 2206 3421 6806 4106 6974 6830 5416 7932 2918 9643 7439 5257 7038 9414 7983 2219 5431 4670 6569 3415 3745 2853 1003
20 9305 6135 7355 3292 5532 4092 7411 454 5984 1814 6760 8684 3899 9076 9193 4813 8707 107 7667 6087
29 9563 7198 5089 6922 6454 3493 5866 9836 8505 4236 5329 275 8383 889 683 4407 7265 6539 7378 9453 9713 9663 6099 5515 8165 1147 1204 9532 5476
15 2247 5991 3246 7590 2002 5784 5454 79 1086 868 5414 4308 5331 4803 8925
25 4377 9406 6804 3739 7882 657 7762 6746 1710 1417 3845 2535 5872 3450 4712 8294 6229 9124 653 5015 9094 4458 8934 9999 5434
13 6412 5387 9316 4011 5062 1108 2749 6775 7268 8751 1663 5647 2271
17 713 3579 9627 7557 3116 9199 9186 7139 1606 331 1788 4272 6934 2879 9120 1285 9967
13 2135 1113 1363 9349 174 8235 534 6992 3484 4925 5127 3080 757
16 2949 3651 8574 4482 1430 2984 494 7931 6865 3592 5630 1073 8076 5975 5334 7154
27 700 8302 9602 4285 7442 6182 7342 5861 4397 1944 6120 6696 8705 6861 6061 9584 914 4608 8845 3890 8893 4570 9898 2609 3984 6273 1602
27 8703 4583 2642 6029 9164 5267 6346 4300 294 7516 7045 5386 10 1075 953 5548 6600 1107 2692 9605 324 3957 5203 9878 3929 906 2914
14 117 3358 1325 40 5805 6103 706 4030 8061 5924 270 8923 7844 5665
15 3442 8736 7406 1994 3936 3911 5918 2534 2046 299 3637 9726 2819 3971 3857
17 7913 7097 2881 1453 9429 74 4006 2088 9243 6586 1925 6955 1173 9759 525 4269 4242
17 6695 9864 5756 5678 6380 6270 9458 6587 2035 5708 8550 7507 6522 6678 9055 558 2620
32 1543 7891 9011 9951 9620 4854 7816 4834 7805 3314 3799 1791 7384 3606 692 1681 6292 5704 4430 3154 4890 7273 878 6617 9973 2545 3250 1969 5599 1928 8260 8862
9 6831 7948 712 6464 5095 7402 3819 3684 6365
10 6901 1406 8328 5955 5303 7847 6247 2290 3230 3207
23 6403 1977 3915 8554 3326 6089 8023 897 408 6953 1116 2712 6704 5919 2491 5596 3244 1514 6246 6492 1837 9831 8152
20 3156 5808 1121 9252 3750 6926 1034 4881 4004 9181 2953 242 860 1083 5750 3254 9217 9129 4554 5652
15 2384 1411 6801 8598 8457 6948 6011 7450 3503 6632 5144 82 5432 3617 1425
8 8518 3596 4661 9485 2333 5674 4027 7568
23 5769 5213 4624 8816 9314 92 3784 6971 7778 5462 4654 7842 8749 8903 6137 7982 53 3419 4571 6219 2029 7 9693
29 9393 7889 3334 854 9180 4643 2817 1862 1101 1476 1248 7654 9015 5188 5016 3828 3961 8532 1538 9661 4721 8483 2878 9660 5239 6867 5591 3298 2544
32 7040 4387 9282 4064 4137 415 4344 8851 8266 4086 6751 5880 9490 6234 1337 6542 6697 528 2699 63 8117 9598 2195 2066 2101 9034 7481 2689 1983 1043 3422 3588
24 3855 7020 7546 2518 4957 2781 921 6188 3133 8296 8857 8963 2309 4033 8591 9023 6387 7853 1321 6668 6646 803 2262 766
29 1515 9347 245 1326 2686 5433 9564 5405 9478 3211 9240 6165 7403 8115 1298 8354 2617 2895 3954 4254 344 7517 5407 296 1927 4823 1951 9771 4091
16 3371 3311 206 601 2635 3732 1613 6716 9612 7080 9324 8767 740 4591 4075 2939
25 1992 7398 8832 1843 8681 4007 1181 9070 3646 3146 7415 4784 6987 3121 3267 1921 8590 4694 8833 870 6055 2012 6299 8388 7621
30 9325 3826 481 3108 7710 9209 2385 1583 7629 5451 8033 7542 9838 8268 8974 6779 1842 5739 9009 2303 3078 2510 1155 7821 7833 4680 6448 3898 9198 5646
28 9675 8262 5996 1233 7193 3082 8151 7456 4969 8798 6868 1236 453 512 9431 678 3948 9653 625 7470 1806 7405 5776 411 432 4606 994 8910
23 6198 739 9965 7196 313 5684 2910 4415 350 1827 3178 1657 4461 7942 8215 5048 5412 7436 1076 840 5817 9329 1038
16 7928 1803 7534 2790 6925 2882 5619 8446 5320 7898 4419 264 784 9069 1579 2145
17 8670 6793 2109 3352 9553 9843 6267 6773 1782 9802 4261 2131 7625 8898 8802 3858 4354
23 6807 4781 9813 933 3615 5036 8523 3952 2680 7754 4821 8293 9384 8958 9447 3660 3497 1440 9261 8491 8658 6651 1284
19 4435 1372 2681 95 1863 2751 7250 7339 500 5097 1622 2894 5000 756 6958 4994 8454 8964 4987
12 8640 1773 6410 4228 5779 5263 46 9234 649 1376 5891 8308
33 3869 3640 3368 8521 3220 8529 1745 1062 1779 3157 7407 4456 3967 3772 3182 7389 4312 5092 8143 2682 3916 5796 4097 4954 9904 3096 7029 5258 1636 7563 2902 7733 8178
32 9449 3490 5540 8796 2140 9537 2745 9156 2220 1197 2374 2319 6921 7009 2116 8361 3266 3682 6720 309 1124 9178 6195 8685 5613 1014 5760 2080 3543 2019 5077 1574
19 4307 8425 209 8285 6141 8504 4070 1623 7545 2194 1906 7426 5316 3023 2843 9354 632 182 2659
27 3253 2942 9469 1997 2442 6101 7811 2115 1504 2315 8481 9939 72 5911 4237 1999 6314 4362 620 3109 7919 9567 1333 8137 2227 59 7700
35 375 8158 6200 448 1102 8379 6719 1864 286 1532 6562 7164 5527 9403 7960 7447 2027 6388 3707 5938 4783 9857 373 861 4755 7396 5075 1809 4445 9332 7166 2864 5485 7783 7035
22 8329 5491 1524 2216 5627 3818 952 9028 7207 1299 5040 1861 8976 4851 9498 8549 3630 3598 4738 7584 2168 4483
14 474 7325 8394 4517 5544 1878 9794 1726 1909 2363 3665 8818 7335 3237
17 5868 3990 3779 2440 3906 7759 8412 1415 3895 1979 8760 3285 9143 6692 67 5969 5446
26 1105 1111 2997 8421 2470 7503 7187 2314 852 5364 3661 6862 3796 6436 5722 5993 6937 1017 2655 5420 3142 440 5884 6889 3887 2410
12 1040 4693 2401 7572 5012 8112 3775 5400 9652 8316 280 9287
25 222 3575 9255 989 3036 3366 772 97 9089 2104 4426 2805 285 2205 9416 3805 1933 6564 5634 1080 748 5773 532 4432 4047
11 1005 4208 5983 932 4118 4492 3703 1720 3762 5524 5493
21 9550 3475 2782 4656 8034 1768 3624 7267 524 1682 5763 8064 5492 5772 5131 5068 1044 6914 8959 6300 4865
25 3555 7180 3362 3181 4533 151 1911 8993 4378 9480 3152 4055 5181 5950 2255 7124 1483 9443 2980 7051 3492 8666 7673 9573 4018
15 1135 9579 4898 4504 4067 6510 8369 1894 7303 6295 8100 6917 3286 2408 8594
25 3578 3338 5830 7793 9167 6684 4828 1834 6042 2859 7521 6938 6869 1091 858 2369 4681 3604 3766 4412 1599 635 6976 7437 4186
12 5693 3148 4794 4107 7579 161 6213 1098 4249 9644 1123 6527
19 5424 6123 442 802 3026 8615 5952 353 3155 7075 7947 7669 8282 667 2905 4697 8008 6624 5029
14 84 7320 3092 306 9997 8311 5047 6918 9115 3871 4185 1055 5244 2427
15 9140 6329 8573 6128 7382 645 9466 4477 4857 2346 6441 1374 8106 4129 2208
16 4894 2641 6208 8464 7174 9410 4744 6460 1309 3782 6515 8891 1542 3558 9637 1288
28 920 2536 6951 780 1797 5069 9972 4792 3465 2648 1188 4924 6821 9407 1767 9155 9355 1789 8732 654 6065 5867 8142 6209 762 1823 4799 4649
18 6706 1860 2455 5732 4396 169 3940 7988 1480 1282 1871 8125 1747 8748 9080 9330 34 773
23 9799 1630 7638 3602 7686 6512 9364 1412 7197 2467 5001 9998 1624 6187 8616 2268 686 5614 9386 5111 8668 752 4818
27 7956 9463 3396 5626 7190 7785 300 2075 6850 6391 754 7220 83 4251 3262 1572 9368 2215 4597 9588 3725 4950 6725 8313 2747 1652 7214
19 2559 109 8786 2425 8682 7386 6570 5994 6882 3874 3271 6064 5715 1027 2376 5399 8980 7906 6291
18 5717 7129 8462 2537 6575 7284 884 2202 8197 4766 7989 1919 9365 2638 1120 9711 3836 3110
21 2695 1013 6307 7870 5234 9138 5437 8500 7422 1774 9300 3443 8105 5444 5616 1366 5923 5588 391 6853 3413
19 961 4428 1995 6220 32 6814 1441 9900 6098 1643 5610 1922 6306 4943 4149 8265 322 3456 2597
17 372 5743 1869 4088 2731 6026 5837 8970 967 7493 215 1907 8307 5999 4893 1626 6063
10 7952 7329 2147 5686 3583 6244 7387 2095 6344 1855
7 3654 3767 2693 1435 917 30 9530
16 768 8055 7379 1245 8609 2809 7532 397 7809 4337 869 7302 5900 7606 5456 8171
18 24 5948 5295 6012 4658 6024 2857 369 2612 3075 7222 3135 7046 2563 4804 8763 3336 9868
19 4090 2079 3354 9705 3420 6078 5169 872 5197 1526 6700 3002 7803 5459 2671 7509 7358 3771 3514
29 9084 5237 3947 935 7152 853 2706 6657 3499 6140 3210 5247 9554 6176 6504 3101 8887 9163 2489 4708 407 5736 4181 3923 7660 598 5714 3679 8377
29 2869 9473 3317 8823 3453 1215 6132 6593 5941 7749 6839 5073 2478 1286 1125 4512 7541 9211 7027 2723 6084 75 4484 4082 4220 371 2321 136 3945
29 8962 726 6192 1186 1684 5584 2930 993 2360 5967 7508 9687 4496 3150 6513 2892 5738 8366 6145 6906 6728 3634 4963 4077 8790 4310 336 8195 4968
33 2356 6849 697 4404 9064 1281 4930 674 4105 4907 9823 8186 4685 6447 1387 7090 9318 6758 7377 9435 1358 1270 7431 5354 7158 8223 5056 4785 1312 570 8507 7416 6032
19 4637 2538 9012 6069 2577 5422 8116 1081 462 2972 1639 5208 2713 9778 3201 8553 8623 7024 9146
30 4150 8020 4109 7874 6356 6537 3102 4130 459 7143 6181 1071 2040 473 2062 2431 7706 7168 3567 1420 4650 7317 3683 555 6788 3652 1341 4157 2540 7049
18 6115 9920 8902 5712 8059 8298 2954 6197 1785 7359 652 9059 2943 3087 7826 3787 8508 1020
32 3988 699 5214 5816 1627 559 5622 2453 2477 5481 3963 7647 4988 5767 11 186 1727 703 7313 4009 9892 5115 6500 8286 1549 5797 9007 2592 9494 4911 4490 7953
32 5885 6658 2118 2305 9179 4403 2076 4497 8869 9264 6301 4515 9994 2341 8688 9278 2016 305 1857 2526 5706 4025 2524 4444 1279 429 3800 495 251 1701 2964 8874
5 311 1421 4017 5553 2486
23 4379 9052 9806 6475 3542 633 1256 3165 9566 8801 4072 6085 1468 8593 4947 6171 26 2447 2674 9049 7951 421 3313
32 7399 9985 7373 951 8042 4171 2126 6359 1297 716 1348 3561 8826 4085 2063 4204 3550 6813 8016 8776 3552 312 2391 7469 2629 5413 4216 9390 9717 8138 6241 9673
31 541 5358 1564 6430 5503 3721 2578 4888 2108 485 8075 7609 8031 4265 5061 4919 201 6077 5761 2800 8604 7571 919 5283 1398 7739 7423 1607 1826 4005 7487
7 7561 4260 3068 8133 4297 7110 6285
27 4143 7230 5771 956 6739 66 1537 1942 6579 9729 7334 272 9879 1953 6366 5552 7790 2242 2646 5165 2542 7970 5333 6499 8913 7985 7115
23 4494 9852 8224 5957 5917 6580 7746 1246 7071 9126 132 6592 2353 7593 9336 7530 3014 1185 263 3369 5592 4729 8375
30 568 6199 9845 9104 381 2033 8597 2011 8164 6757 4767 6596 65 4443 4903 256 9456 5072 765 6310 191 4983 9861 3423 6007 5728 2113 8374 1213 8210
17 8950 8209 4630 4703 3537 8188 5576 6081 711 4638 8193 7949 4121 9152 8437 7362 1559
33 6228 1024 3510 3375 4291 9202 9165 3532 8062 979 6674 2037 1308 800 1741 545 4801 8649 8250 4740 9716 7616 3590 5196 4155 4015 8849 4222 6781 6148 6258 9829 3120
16 622 4706 5636 9575 7685 3993 5082 1985 8018 599 8339 4675 5210 2931 1516 8824
20 1833 4885 2198 6413 152 5642 8806 3839 8257 8288 5302 3757 3174 3269 5140 6014 4187 8013 8422 5618
19 6541 3608 7926 8228 2808 2438 6264 2186 8972 4168 6675 2872 5151 2855 8468 755 3733 8123 1962
28 6961 4546 2074 3605 4245 751 2160 6279 9228 2760 4221 5670 6920 7091 8516 3437 1154 3404 9093 798 4548 9674 1517 4240 140 6191 1343 2508
24 29 2714 1959 2112 6703 7682 8761 7275 2264 4559 134 6556 4235 1533 7292 3822 8781 3355 9772 5096 6988 3265 8384 4013
29 1664 3758 9559 5663 9190 8367 9889 5116 8956 1891 5155 3534 7781 232 77 8473 6184 1187 1632 9173 8202 5327 5673 9608 6482 758 5666 805 1718
18 55 4414 6296 3199 2250 1079 8190 2173 9817 6610 3071 9189 4079 562 4568 2786 3347 2868
32 9523 9452 1010 6186 3414 3636 5838 5193 636 938 490 2694 9821 2137 2560 7718 6733 8498 9032 7997 165 4633 8515 7514 5942 3094 9591 818 6623 7527 3880 1437
19 9216 9128 2657 8146 7464 3635 5986 6588 781 3234 7930 5311 7300 5119 7001 9876 2623 3107 2337
27 9283 7210 7648 2056 3270 2217 7278 8272 2867 3505 7614 8063 3 1296 537 2354 5255 2517 460 3151 4108 4510 3283 642 9215 2411 7784
28 4842 8459 5748 9353 4409 3802 91 6946 6333 2272 8624 6605 8544 7566 1964 3700 470 4001 1621 334 5164 2965 8183 8558 2310 9993 6518 6288
14 2576 7471 4421 9947 6438 2105 7730 4696 3930 7234 7822 6848 3216 1555
27 4948 2512 1208 412 4806 5249 1714 1597 9111 6800 8362 8242 7893 2708 1616 6852 3034 6796 2779 73 4162 207 4296 1261 2312 6271 9396
30 4346 6884 3188 5212 5539 2900 7777 4356 7309 4498 342 7490 9671 517 1668 9835 9748 5128 2389 9201 829 9468 6017 9521 5177 981 6070 1751 5894 1573
32 1888 6110 3129 7085 4029 1733 8094 9505 1259 9238 1012 3031 4043 9547 9185 6483 7549 6215 4039 2459 8651 4169 8467 4743 721 3576 7412 7717 7959 3042 3633 2839
11 734 2357 1177 1399 1582 2909 7073 4275 3902 1708 1858
9 3149 5875 7248 5711 9872 942 9394 6544 7391
29 7119 7704 7372 5347 1175 4595 9159 8560 4347 249 4840 6833 5529 6262 2532 6175 6995 4612 9791 4859 6754 6599 3626 3143 4287 1161 9721 6795 3812
30 4214 6740 4848 9254 8768 529 4966 3746 7515 7724 4866 3997 402 4472 2375 8693 5301 2567 8812 1989 968 7868 7076 6427 7675 7201 8619 702 6073 2773
16 7862 5377 3193 1416 2966 1444 3764 291 1183 4215 2149 5832 2851 2007 2625 124
20 157 7512 2495 6567 5593 39 816 9734 2958 9758 5023 7351 5640 5421 7326 2871 3374 2678 7204 1190
34 2986 2123 1970 8868 5107 9923 2665 374 1595 2906 5998 1393 8334 1590 3212 449 3873 4234 2834 6086 7895 1238 5912 3600 5644 3922 2821 8091 2794 4451 2243 749 8543 8069
29 297 5113 7975 7554 5783 1474 4371 2667 2525 5770 1264 7866 6824 8745 2611 5052 9665 7651 5355 3363 7736 5264 8765 7617 6872 1141 8724 9650 2487
9 1978 3208 730 3614 6397 9701 1382 2325 6753
17 3103 6493 1955 4733 6446 2776 4326 8243 8827 1008 130 9987 7147 3523 0 2836 8865
19 5341 1651 5554 5621 2754 8176 3290 7445 7604 4653 2630 6463 4367 8528 763 170 4790 9304 8942
10 2912 1874 2209 3370 6357 9975 9106 1709 129 5071
26 3281 627 3821 2896 6523 6196 9684 9357 7037 9441 3454 5314 433 6146 4135 3738 6225 5178 605 8931 6701 9119 321 4723 5055 5798
25 5716 4959 2566 5182 3047 3778 643 2407 3851 4787 8027 2151 7368 9863 5032 4876 1375 4579 3519 5325 2257 3551 7121 5637 3755
26 957 9996 150 6021 9492 3194 7282 6476 7103 9623 2191 3625 2358 6396 8471 171 3399 6714 3801 3548 9984 5813 8683 9669 2032 3380
29 6724 1593 720 417 6615 6809 1250 5951 8631 3469 9322 7205 5804 8917 8284 8335 3481 5153 4514 6557 8295 4010 966 2564 401 7719 4951 6417 9834
15 445 7553 2539 6634 9116 5287 553 6243 1067 5138 5545 4160 1277 7539 9476
33 3693 7116 8440 9549 8128 225 9035 7729 3648 4302 7712 857 779 1800 2468 3139 8692 4789 2768 2004 4026 600 3179 9206 2165 5623 7814 6433 8043 4383 9558 971 5857
17 2020 2838 3786 6058 2352 3477 1968 6172 9248 1790 2989 9056 518 6578 4810 3088 2055
31 8395 6457 7631 9757 2041 9617 2404 9151 6907 6864 2383 561 9880 6829 5852 8427 7107 1434 9616 3706 2685 5843 8899 526 4562 5276 1490 9895 197 4530 794
27 2008 6558 9543 6645 8795 660 9742 2275 715 550 202 3597 5664 9442 1818 9848 3670 5039 9580 7240 9590 3727 3934 1354 8156 4929 4883
14 8406 1984 3403 57 2663 8403 3345 6082 1943 193 9226 4062 2622 1159
24 5598 902 128 119 2651 9761 6407 7693 9388 1716 6838 893 7383 5103 7734 6949 9807 4183 5781 7157 4640 6045 1923 8612
33 3030 9137 6765 7737 2000 1902 2673 3785 3429 5608 8017 918 7259 5389 7217 7802 7272 7608 1853 347 9415 6532 5118 7332 2863 8145 2815 2148 2286 2280 8122 5606 626
29 3471 2788 9078 9804 6034 9576 3439 7466 4937 6548 3300 9331 5482 5607 5448 8052 8317 8986 2555 2493 2334 4908 2628 2259 2940 6212 392 1084 7795
7 7141 8586 6450 4050 6076 1817 5653
30 8102 8376 5307 9702 1910 1152 709 2045 2558 7764 2846 8182 3077 894 3256 6572 985 8778 8060 5275 44 804 8777 204 4731 4315 9486 5232 8087 1705
27 8840 8848 8198 9680 5662 8191 4034 3434 7569 9073 2086 5306 4365 4060 4620 5360 1493 1566 5168 7328 5328 9057 3162 9427 13 6665 3737
20 585 3951 5425 6710 982 9375 7595 9019 628 6732 9597 1877 54 2361 3998 2450 6993 8744 9484 5988
28 268 3138 3541 8637 3051 6480 8860 106 9027 4677 1934 4628 2765 2850 4044 1317 8297 8643 1765 6792 9439 6194 6411 4422 6685 1115 7968 1813
19 4495 8435 248 5566 378 8259 4664 1859 4528 2302 3001 8206 937 4760 3671 2822 8770 9938 2521
14 1353 4511 8309 9769 8575 1319 4439 6036 2308 6520 556 2070 6935 3985
14 5406 2006 2718 9798 8132 5897 3681 4473 9850 1404 1576 2457 2253 7281
28 8342 6747 1267 5888 9477 531 3482 3099 5824 1364 2048 9810 4942 7363 4915 6478 5186 9063 6964 4671 6049 6690 7705 4197 9004 3533 5269 6074
14 5649 5359 849 6927 9263 9075 1436 382 7924 8502 6591 5883 1680 2820
11 7640 8739 9385 1252 8071 4811 8141 6358 3184 5788 5865
21 1528 5990 9030 1628 7494 9127 6422 1211 9288 3466 4824 255 6622 7130 1328 7786 5427 8496 9529 6899 9520
12 583 2748 409 1500 9819 7203 8938 178 3258 1930 4449 2758
15 2941 2026 364 3330 5019 7886 1780 167 8423 7269 879 7069 1829 7251 143
32 8204 8021 1054 7226 3807 5690 2802 691 4989 4159 6389 8741 6423 5005 3832 1945 1119 7258 7449 4999 6766 6109 8999 900 3698 6445 7175 759 6461 8527 7404 4319
27 3025 2436 332 2261 7628 8671 3530 5782 1117 5105 21 2065 8539 8129 6734 9422 1671 8417 5585 4304 1821 7476 1868 3310 6507 2606 3033
17 1735 2899 2690 4202 8995 4639 1511 3867 2107 777 6179 3295 7935 5143 3470 1235 7773
28 5304 4537 8207 2497 4587 7364 6893 3227 4163 9849 4074 774 744 8512 5498 2700 7925 5577 7388 4061 9540 418 7950 3987 5362 5758 8002 980
22 4829 9109 1634 267 2831 1069 2935 9328 3145 9471 9571 5793 359 8356 5098 7395 573 9123 5361 3522 9792 3021
17 741 864 6202 3585 9182 1146 8135 7023 9531 4513 153 9301 4691 955 6827 8276 9404
7 5381 3196 9869 9251 589 5979 3749
18 9979 6877 5025 4705 2077 6222 1725 9950 7370 7727 9038 4014 1061 8364 3995 8861 3180 437
13 8559 6735 8784 7567 2181 3435 5170 1475 9031 3811 5163 624 4941
17 6321 8345 1541 7720 5139 5195 974 9856 3282 7841 8230 2133 7863 8216 7834 7375 2691
31 3743 8699 4815 4558 4953 7901 2661 3793 4623 8237 2835 9785 1783 8291 1854 2911 8347 875 6010 4142 4463 6770 6986 540 5806 4752 4728 265 587 4861 2755
28 9581 5818 4867 977 9712 4913 2979 659 9482 8864 1960 8547 4899 2861 1275 8822 2756 2256 4210 7518 8114 1940 1479 6717 6585 566 2529 2770
28 1269 1090 482 3921 2787 348 1169 6283 3896 9526 929 5909 694 5102 8565 6543 3815 8729 5759 8315 1950 8880 5749 3040 3076 2677 7228 3618
13 6039 6630 8079 3829 233 9750 3720 8997 1131 1327 3153 7586 2704
32 8520 5034 3603 3445 6985 7245 1631 3531 377 3986 1283 1345 2506 3359 6996 2936 8567 5468 1707 631 5823 410 4474 5224 2157 9714 8327 3128 5253 1230 86 8897
20 3457 842 5205 7312 1222 6009 3729 1706 3996 855 4808 5339 7955 2287 1290 1958 8541 2421 5697 2169
18 8728 2791 4717 7149 515 8992 6006 4289 8669 235 5980 3431 4972 9609 4203 4193 8451 6060
20 4687 7575 4773 2024 3247 2400 8905 3186 7022 5916 123 1760 1089 5233 8613 7978 9024 8280 2170 6613
30 3564 6752 5887 290 9738 5628 8804 4724 5835 7573 1679 9474 8067 4805 3356 1035 3674 7238 6776 1361 1648 885 4166 1481 6895 5731 9942 8211 2152 1009
19 580 8104 6879 7630 3521 4263 5625 6444 3820 5490 2204 4380 2218 834 3627 6311 548 4189 5629
32 6649 4437 2780 950 3502 2473 115 1521 9516 1429 4566 4125 9908 6908 4259 4710 6552 4739 6459 2405 2127 9040 4952 4509 1126 9909 6317 5150 4479 5939 8001 7223
10 61 5572 4836 8991 8306 6521 8461 9277 4779 3097
33 4788 7104 5535 4016 7492 8642 3513 5087 2875 8638 5289 4167 3556 9983 4248 4682 3123 3968 1629 2279 3010 7656 983 4280 179 6954 4814 7540 9010 5834 1377 5125 9281
3 5161 1192 7678
3 6456 2736 7376
31 8179 9685 4507 9562 5650 4786 1422 2885 4800 5256 5201 2 3039 3222 6604 3511 3397 1932 2789 9572 2549 7030 1156 4928 2974 4134 9953 960 4324 7146 8113
31 6952 9246 825 1550 895 9710 9381 425 5076 9980 2874 2607 2829 2078 5470 1065 909 125 8873 7385 9686 9455 5946 7780 2970 8267 8589 5676 2300 3723 2845
25 7877 400 41 3554 6966 2585 2394 5847 6416 4114 2281 9022 543 8166 836 5734 7520 2003 1754 8472 1442 8278 7042 9635 8414
11 7799 945 6003 3938 2999 552 7043 9655 1257 5441 3185
25 489 1734 4665 1503 8155 4749 159 546 6094 6999 1392 8661 1320 6129 5997 6394 7242 8734 2188 7374 7596 4416 4069 5230 6919
25 9207 4648 9805 4003 6538 2696 2044 4327 5031 987 9000 6451 5417 7750 4440 6888 2039 7510 2269 4148 6214 2593 3134 7766 4133
28 8184 208 4101 4123 3315 1660 8617 8159 5074 4093 6774 9079 1690 5271 386 7721 3769 3412 735 1373 664 4375 466 148 9461 6302 3069 8331
22 8420 5393 3991 35 761 5344 6491 5356 4206 8103 6345 7998 3924 5083 3672 3416 5117 6286 4870 9170 3060 6090
17 8675 9974 1218 9289 6173 7263 4798 7066 138 1787 8788 4052 3488 2492 9488 7192 452
26 6424 7451 8346 1777 8831 7479 3205 6832 9611 9859 6114 613 693 5274 9363 5594 4442 9877 7973 4763 8452 4735 4446 5280 3612 5225
30 5245 9544 5282 3795 6526 8037 8652 5844 1752 6905 4642 2901 5411 3137 6982 3856 4188 8621 9506 5850 8392 3927 9582 5319 1413 9601 8411 3591 8674 1633
16 6160 6924 4502 2382 3112 4485 7425 8263 8610 3496 4394 4264 6240 7626 4217 2430
12 7468 3774 5570 2844 1730 1205 2318 2998 2298 8907 797 234
26 1866 5744 8040 2036 4493 6251 4872 7301 9496 3859 4734 4539 2580 1431 3011 841 4452 8920 9029 1554 6372 8985 6303 5121 7600 7182
24 3692 7846 5541 4973 1365 7162 7344 8667 5567 6571 6452 6655 3161 3187 3889 6136 8221 6761 8716 302 6210 4545 8838 9005
25 8578 1 1685 640 1913 8981 2192 4584 586 2025 283 6777 1696 7848 7897 2097 4619 6100 8409 6256 3942 390 6991 2502 7290
5 9121 7194 7672 4301 8572
16 1993 8323 5507 4657 9681 4986 1746 7761 7613 1129 651 8641 9971 5046 7996 1254
18 3239 3384 4154 2338 611 2482 7171 1937 8510 1799 9694 7231 3498 7440 9302 7570 940 8402
12 9901 3160 3426 497 4065 2288 446 12 9753 1575 2880 3825
20 7911 8566 8382 2856 1667 2653 6805 578 7078 8111 1085 4464 4229 3563 5926 3349 6691 3218 770 8078
26 9411 5112 3017 98 7034 5375 6597 379 2439 3163 2144 7099 243 4603 7199 5863 9423 1385 3301 1295 192 4271 3500 4393 7899 7112
14 1563 2132 210 1023 3809 2721 3000 4971 1611 8441 1249 2595 6676 231
16 4882 2426 7637 6474 2409 9033 3759 4588 9699 2739 1763 5581 3485 5460 7731 2499
10 5902 1973 4366 7414 2513 3946 7627 4746 959 8253
20 7229 2106 4080 4666 6398 3190 7010 6237 1912 7122 3837 602 3427 9013 6933 1938 9465 3589 5543 6750
28 4066 315 7249 1580 8187 9678 1311 7150 6297 1464 890 279 2956 2299 9718 4946 1329 5956 5542 647 7658 9787 301 790 8352 4311 7496 9334
29 6965 8449 4761 3191 8368 4880 1509 4195 847 8659 8926 3425 3925 3293 7062 7743 4165 3777 6117 7969 5286 7054 9786 2726 783 6177 5198 7818 1015
27 610 1635 1804 5602 2600 6272 5238 4441 1338 8444 6386 8814 9321 7352 733 7871 9697 9578 8676 3004 9391 3835 2114 1987 7744 8839 535
14 7318 7357 3381 8819 5725 6726 8245 2155 1849 4339 5157 7831 6477 4778
21 2429 4223 9874 2992 7994 1355 8695 1523 5995 3790 4104 8534 5694 4569 1885 7797 7738 7032 8600 3337 4325
29 6633 7082 1221 6749 6119 6133 7555 4433 4802 5340 1029 9941 9541 7966 738 3401 6144 1103 9253 9437 1732 8096 5688 8363 2876 7702 3480 1510 3569
26 2278 7346 2184 9018 1443 9408 9333 863 5292 6940 7006 3894 2093 6707 2340 2336 4076 2891 1990 1021 6323 5461 8939 1694 6650 8321
13 2774 2928 8351 9654 4704 1487 3393 7812 352 1104 9208 8072 1339
14 9020 5654 8157 7172 1835 2852 3122 4244 3862 8871 8620 9006 7237 8563
15 2418 9021 1548 8961 4402 8234 7262 3324 9099 6943 5044 7039 6626 2926 1207
26 9291 3170 8835 9625 2323 1762 1182 4617 5526 9632 2393 8326 8343 7944 2960 5747 4692 4960 9959 2832 7828 8522 4900 7261 6598 8433
27 9626 5510 6255 7683 2060 141 6062 1872 6582 8901 6059 9103 1383 7939 9218 9958 8966 7247 9096 8811 3312 6631 1764 7310 3928 590 9990
13 9187 9768 6536 9483 7854 8946 4363 7917 5977 5439 9454 3275 4348
14 8509 3029 6327 5892 6729 8876 3098 9284 3694 8605 3028 1093 9638 4268
22 4586 9851 3866 8419 753 1294 177 9249 17 6289 1678 9739 899 5609 7977 2719 7409 3140 9781 5659 5563 4996
13 4644 9925 7153 6174 9399 340 5791 2034 8971 7184 3020 8319 8499
25 2327 5332 2330 1203 3428 7286 5981 7879 6727 3074 695 3736 2454 888 705 1812 8174 7946 603 3035 6294 2322 9417 4923 8163
27 4098 5487 9744 9613 607 3215 9964 2702 2248 9724 5569 4266 7077 8646 6820 5705 205 1036 2553 139 4577 5683 2656 5162 7002 3804 398
4 7227 8231 8969 6960
15 6694 328 9890 4782 3433 9897 8782 9809 3691 1368 7755 2228 3574 5992 9824
29 219 3104 9631 3058 1465 7548 4503 9232 4939 8413 1819 7819 6083 8933 3501 8233 6281 2483 593 9606 7639 236 7052 743 6573 1619 8519 4553 6603
16 2176 9392 3331 105 3507 262 9203 5987 304 9145 6693 1195 3860 8098 7283 4538
29 1815 166 5017 8856 7211 9262 5457 6121 5933 3570 8460 732 3016 7094 4660 9664 2469 5229 7963 6551 1798 8866 1379 2886 3238 5011 1903 5935 8618
30 3008 1689 7430 4410 2952 9068 5701 5603 6930 4594 8662 576 5908 50 5966 2950 8689 3545 8709 2102 5546 1049 8358 2098 4180 349 3718 5974 8581 6479
27 5222 5060 8254 6563 8110 6280 6956 244 5550 3044 2052 4768 3277 9894 3438 2403 4341 2701 7084 6797 6666 8561 6348 3792 8337 1306 5443
6 8271 6851 5285 6316 3701 5982
25 9670 1852 3830 2934 3789 7665 4355 9812 1048 5709 2359 7904 997 3473 4454 4360 3296 4465 5762 2096 2372 3335 2618 5179 1150
10 2944 4352 8973 560 4481 2187 8303 5272 7676 9311
23 6361 9191 212 1723 2799 7732 1738 4045 8686 2054 3476 3547 6211 6939 2154 5904 9946 6667 5589 9760 7181 7981 3638
17 3321 6910 7529 9911 4582 94 1388 6231 9841 5236 9600 4922 3240 5753 5024 7649 1472
17 3647 5384 2189 8475 6495 2047 7371 6443 4110 9727 9257 8048 1654 4448 5266 6465 8120
24 8564 8629 1527 8766 9135 1232 4958 8996 8815 714 3231 126 1519 3979 9989 4505 9672 351 7031 5204 1400 6124 2326 1972
18 7716 6274 7921 4849 1171 4748 7788 9197 9074 8109 1467 6028 7044 3248 8714 5819 998 1653
25 113 5856 9944 8348 3468 8324 2320 876 9882 4068 3877 9479 742 8813 8325 6531 9788 9122 7607 9746 2830 5423 5348 2196 3041
9 6913 8073 4349 4250 1647 4555 3364 7513 5903
7 6607 9459 3536 5687 3504 8762 6828
24 3168 8792 2649 7337 6216 4713 7558 2969 6566 2766 3509 4340 434 6375 8068 4323 8672 7976 2239 2889 2475 6091 4598 6018
19 2313 5746 6125 856 9037 646 9570 7457 3843 5219 536 2804 6963 7594 5523 2444 4138 9569 7105
24 1724 271 8588 3022 4914 1676 5452 7907 5070 5864 9709 776 8863 1918 8704 2226 2860 7056 3235 8442 441 9387 7524 3780
20 5402 2784 565 3966 354 7276 9604 8220 6156 1051 7296 3339 1946 5259 2990 6332 3448 5217 4252 820
25 6900 5721 6836 1508 922 2171 8038 9741 5559 6326 9225 5080 4175 4212 7652 6673 2637 2908 926 1174 4057 108 7138 1547 9472
15 2507 9595 6265 7323 6825 6399 2270 7014 4406 5042 8904 2546 2351 9448 8047
30 5343 2963 3263 7690 4035 5050 6589 461 9912 3673 1389 6683 5556 9917 5357 3982 1719 6560 9295 574 6419 1158 3695 5774 1698 6837 9615 4918 455 8154
5 3667 3459 428 4629 2591
26 554 3329 1313 5668 7922 1352 775 2884 4776 7915 1466 5519 3372 8935 3406 214 4547 363 6947 6037 3834 6511 8264 3252 5821 7825
6 7088 3202 362 2488 8226 807
23 8587 9691 4980 7662 9751 1346 8058 121 9789 7167 3992 9919 8906 3508 71 9017 7688 7050 2823 2307 5811 7937 7938
13 6418 9087 7465 5240 9949 3760 5463 9533 8199 7722 9525 845 144
12 9698 1100 1276 511 9341 4021 1143 8478 42 7910 9230 9803
30 8698 2520 47 6000 8955 8951 156 6659 2156 7830 6223 2370 9292 6970 7353 223 2087 1832 5261 5418 5561 2349 9204 3273 9434 8626 4049 6051 7219 6494
24 6780 8426 5562 2769 3305 4211 4747 276 2229 2557 8525 3132 7918 673 2849 944 1244 9210 898 2138 2073 9131 4145 9766
27 6767 8713 4863 5158 4450 8595 4552 7726 8830 4358 7502 4578 2433 7800 3391 6671 2028 5053 4146 5142 6860 4726 4702 1077 8701 1570 2840
28 6044 9306 4673 9634 2937 8882 2406 4858 7903 3173 4073 6312 1229 6226 4262 5397 4719 2317 1740 9891 2136 4230 9296 430 3734 729 6840 3664
20 4056 1625 3557 4405 9118 7642 8719 5190 5438 5768 7855 6535 2182 5893 5531 9259 7878 7311 1507 6193
16 2531 7319 3462 782 1529 9732 6104 2933 3198 995 5889 9067 1011 5474 4298 6944
13 3410 3067 4299 6842 9065 5241 990 23 3297 4303 9489 2049 7820
27 5881 8774 1223 4020 9457 8353 8378 2924 5910 7920 8562 6722 4669 9337 4906 3980 8360 1901 2816 8886 6236 5842 9501 2120 2698 5931 6817
13 1879 6377 1670 7817 4574 2666 281 2650 1658 1683 1462 6355 4177
19 8086 5500 326 6856 8194 8785 7745 4398 118 8987 4314 7620 2722 1396 7615 1956 3791 9782 9309
27 8189 5698 435 9735 9527 9546 6744 9366 184 4096 6488 1743 5778 9551 3897 1172 5800 7089 3084 5726 6577 9552 7087 2069 4156 3586 8301
16 2828 2915 6711 3114 9171 2119 5374 5298 833 384 4144 3299 220 1615 5401 8330
32 1794 4170 2904 830 9419 1349 9177 7169 3228 8229 5635 7791 5191 8775 5484 7340 5605 5639 577 9825 2824 7480 2223 6590 8495 3348 2865 5604 6959 3284 8371 5408
17 7849 3849 8410 9657 5291 6967 5579 3657 2547 2796 862 7796 9592 6203 6769 5513 8196
24 394 3424 5920 3972 5656 3169 7933 883 8895 2959 8576 8476 4459 2139 2995 727 367 5206 7170 5960 8080 6911 9097 7111
16 6269 7677 3512 8219 2180 6643 9561 9272 458 4689 7806 1810 4718 5379 1591 7206
27 6843 8277 8448 3566 908 8160 4278 5702 2841 3436 8807 2596 7189 6131 3912 5921 4524 7839 2443 4333 9356 4174 2022 188 828 5318 4286
6 5027 8979 5516 483 4887 1452
26 7709 8715 1640 3783 8173 2368 930 4270 1896 6067 3584 2417 8099 3141 122 9902 3595 2582 7815 8663 6401 3941 5429 2697 8722 181
15 7188 3891 5757 9071 8035 2304 3623 8486 8945 808 2621 1844 8332 4886 8654
15 1332 2422 6245 1755 6402 1553 9928 9424 9268 2179 3854 8007 7909 6152 1293
30 4475 4455 7666 846 8530 9273 9481 9133 7971 6106 8918 912 5730 4457 9091 3935 4102 2590 9978 7979 7053 8124 2643 5148 8948 6227 443 1202 8238 8957
13 7064 2742 9830 2212 7291 7591 393 2283 4753 5175 9599 5896 1562
21 8213 499 5250 7065 5317 1289 7354 6709 8738 9212 2968 3243 3486 3884 5685 911 8053 7289 9668 5467 5449
27 6912 3325 6818 4205 6248 2246 6581 2715 3379 3070 4535 6469 3351 8592 8465 1926 1153 5488 9008 746 3978 9323 9875 5718 4977 7057 6242
31 8787 2293 7255 172 1557 7448 9846 514 5009 7770 4832 8150 9884 3573 1310 8881 1163 3788 7771 7634 6890 2624 8222 973 6334 7008 6878 8398 3274 9369 7467
27 3697 3572 8338 665 6305 7912 4400 4213 3798 516 8148 1612 7266 8952 8883 6679 8283 1053 5882 5035 3900 257 6108 246 4751 579 1478
20 4536 4200 2973 656 3879 5766 3451 3203 6902 9370 5221 4329 8162 6534 7244 2010 8255 4909 1137 9536
19 6656 7428 6420 6984 6023 7535 1168 1458 7873 1561 4317 229 8825 9690 9776 8690 8884 9339 3886
